Unknown 4 358 358 358 358 float/unsigned
CumulativeMeasure | CDF | Dose | TetraID
0.000847961 2.66068e-05 0 3452580
0.00153456 4.81505e-05 0 3453838
0.00224847 7.05512e-05 0 3453827
0.00272884 8.5624e-05 0 3821456
0.00310868 9.75423e-05 0 3453624
0.00368545 0.00011564 0 2757641
0.00471628 0.000147984 0 3453493
0.00526631 0.000165243 0 2197624
0.00676403 0.000212238 0 2757393
0.00706578 0.000221706 0 3453466
0.00729224 0.000228812 0 3821635
0.00751213 0.000235711 0 2759291
0.00881853 0.000276702 0 3453303
0.00925666 0.00029045 0 2757061
0.00980887 0.000307777 0 2757053
0.0109964 0.000345038 0 3453123
0.0142423 0.000446887 0 2664990
0.0144443 0.000453226 0 3822600
0.0156536 0.000491169 0 3452655
0.0170851 0.000536085 0 4723395
0.0181106 0.000568263 0 2671805
0.0184735 0.00057965 0 160553
0.0192638 0.000604449 0 3821110
0.0197264 0.000618962 0 3017795
0.0201547 0.000632401 0 3017184
0.0210068 0.000659137 0 3820705
0.0215518 0.00067624 0 3454072
0.0219129 0.000687569 0 2761021
0.0223649 0.000701753 0 3017174
0.0230146 0.000722137 0 495985
0.0236209 0.000741163 0 3453846
0.0243396 0.000763714 0 3679218
0.025525 0.000800907 0 2862537
0.0256494 0.00080481 0 3820222
0.0292197 0.000916839 0.0521509 2759287
0.0314049 0.000985404 0.104339 3453330
0.0320547 0.00100579 0.364396 2673399
0.0329194 0.00103292 0.372275 6617723
0.0349709 0.00109729 0.395357 2859931
0.0392997 0.00123312 0.873863 2760294
0.0427928 0.00134273 1.06154 3454203
0.0436806 0.00137058 1.71421 328130
0.0452665 0.00142034 2.89977 2757364
0.046265 0.00145167 4.40436 3017601
0.0480538 0.0015078 4.68067 3453664
0.0518648 0.00162738 5.92514 3452648
0.0537809 0.00168751 6.92486 3024286
0.0543554 0.00170553 7.50116 3020249
0.059506 0.00186714 9.5896 174346
0.0644655 0.00202276 9.94076 2757689
0.0661002 0.00207405 11.5397 3821094
0.0711003 0.00223094 12.04 2760241
0.0750007 0.00235333 14.2396 2670521
0.0765439 0.00240175 14.6995 2820800
0.0824675 0.00258761 15.1052 2759676
0.08507 0.00266927 19.2359 3453467
0.0988418 0.0031014 19.5508 2670374
4.10969 0.128951 20.1398 4075543
4.11725 0.129189 21.1958 3289503
4.11799 0.129212 22.3445 1632745
4.11932 0.129254 22.4411 3821079
4.12807 0.129528 23.4208 2759286
4.13054 0.129606 24.5407 3822116
4.13285 0.129678 27.022 2757686
4.14134 0.129945 28.38 3452629
4.14267 0.129986 28.3804 3452736
4.14706 0.130124 28.5342 3453404
4.15019 0.130222 29.8722 3453504
4.15349 0.130326 31.0069 159762
4.1828 0.131245 31.1744 3821031
4.185 0.131314 32.2932 3450547
4.20081 0.13181 36.9912 6201461
4.20964 0.132087 37.0495 573271
4.21677 0.132311 38.2132 3821096
4.21987 0.132409 38.7282 2759818
4.23521 0.13289 39.3072 3453166
4.23804 0.132978 39.3404 3454126
4.24735 0.133271 39.5097 3453188
4.27767 0.134222 39.7707 60165
4.28253 0.134375 41.1397 2758811
4.32477 0.1357 42.2581 6200994
4.32622 0.135746 42.4279 1498
4.33365 0.135979 43.2397 3452690
4.33566 0.136042 43.3041 3821062
4.34719 0.136404 44.3779 2759805
4.35319 0.136592 44.5666 2669759
4.35733 0.136722 45.3964 78975
4.36203 0.136869 45.7327 2260622
4.37258 0.1372 48.4857 3452124
4.37387 0.137241 48.5384 3453909
4.41563 0.138551 48.5879 3452812
4.41862 0.138645 49.5162 3452979
4.41962 0.138676 49.9265 3017048
4.4207 0.13871 50.088 3016287
4.42632 0.138886 50.492 4021755
4.42715 0.138912 51.2342 3452700
4.43187 0.13906 51.283 3452914
4.43484 0.139154 52.1757 3453026
4.43593 0.139188 52.1975 3179007
4.45095 0.139659 52.5741 2756991
4.45236 0.139704 52.6515 2758133
4.45465 0.139775 52.7973 2202234
4.46111 0.139978 53.3527 3821383
4.46325 0.140045 53.3605 3287317
4.48836 0.140833 54.8046 6200472
4.49193 0.140945 55.1055 3452739
4.49396 0.141009 55.3431 2670777
4.49514 0.141046 55.4903 2759726
4.52765 0.142066 56.2427 3020322
4.55198 0.142829 56.6906 3451207
4.55754 0.143004 56.957 174300
4.57805 0.143647 57.0322 2760424
4.60096 0.144366 57.1026 3820387
4.61636 0.144849 57.8728 6736184
4.62481 0.145114 58.0233 3453267
4.62928 0.145255 58.0966 2758588
4.63372 0.145394 58.2544 3821393
4.64948 0.145889 58.2774 3452304
4.66544 0.146389 59.5699 3452278
4.66654 0.146424 60.0161 1404501
4.70613 0.147666 60.042 2759142
4.72698 0.14832 60.1034 2669739
4.73378 0.148534 61.0074 3453139
4.74529 0.148895 61.084 3453292
4.74683 0.148943 61.2424 2861292
4.74789 0.148976 62.0012 1563355
4.75273 0.149128 62.1234 2256585
4.75425 0.149176 62.617 2758947
4.75666 0.149252 62.6732 3451749
4.76886 0.149634 63.3609 2671233
4.79376 0.150416 63.5347 6201540
4.79553 0.150471 63.5961 3452665
4.79696 0.150516 63.9744 2864001
4.81851 0.151192 68.8625 3821030
4.82081 0.151265 69.3086 3180264
4.82574 0.151419 70.0163 44928
4.82989 0.151549 70.2462 2757471
4.83085 0.151579 70.5499 2760133
4.87051 0.152824 70.8034 6200460
4.91158 0.154113 71.9592 3015451
4.91729 0.154292 72.1145 3452754
4.91787 0.15431 73.5141 2873184
4.92006 0.154379 73.5152 2759756
4.9227 0.154462 73.6636 3450932
4.93012 0.154694 73.9961 2760367
5.01765 0.157441 74.2457 2262810
5.02297 0.157608 74.2736 545350
5.03165 0.15788 74.5124 2869964
5.03241 0.157904 74.7418 2760256
5.06445 0.158909 74.8598 3452037
5.08861 0.159667 75.4426 2756491
5.09964 0.160013 75.4986 3453668
5.10212 0.160091 76.1762 4594878
5.11133 0.16038 76.546 3453826
5.11395 0.160462 78.0081 3450644
5.12993 0.160964 78.1917 3821088
5.13374 0.161083 78.2307 6909450
5.14358 0.161392 78.528 568410
5.14476 0.161429 79.1071 3453967
5.15748 0.161828 79.1295 3452376
5.17915 0.162508 79.2462 3453022
5.19113 0.162884 79.3882 3451100
5.29418 0.166117 79.7371 3453885
5.36217 0.168251 80.0991 2757587
5.36294 0.168275 80.7707 3453092
5.37206 0.168561 80.9546 2673384
5.37599 0.168684 81.3901 2758929
5.41238 0.169826 82.2458 2758261
5.41345 0.16986 82.5556 2172188
5.42574 0.170246 82.6502 3821032
5.42905 0.170349 82.9063 3452172
5.44068 0.170714 83.9896 3453130
5.47809 0.171888 84.0505 3452663
5.48295 0.172041 84.4533 3453217
5.5266 0.17341 84.7452 2670929
5.53486 0.173669 84.7518 6200222
5.53805 0.17377 85.4405 3453479
5.53828 0.173777 86.0032 2757642
5.60501 0.175871 87.4621 2860645
5.6229 0.176432 87.5831 2670468
5.62983 0.176649 87.8248 2261801
5.66396 0.17772 87.9952 3452910
5.82924 0.182906 89.2577 3453137
5.84629 0.183441 90.2774 2758672
5.88872 0.184773 91.2347 3451384
5.91868 0.185713 91.6352 2758580
5.93741 0.1863 92.6889 3452036
5.94233 0.186455 93.5193 567202
5.95103 0.186728 93.9032 3452956
5.95338 0.186802 93.9871 3453135
5.9547 0.186843 94.3006 3452917
5.96237 0.187084 95.1087 6733066
6.05396 0.189957 95.2923 3453136
6.05892 0.190113 96.118 3452482
6.07784 0.190707 96.3032 3453592
6.10959 0.191703 96.8907 3820572
6.11115 0.191752 96.9036 2759212
6.1146 0.19186 97.1319 3453650
6.1316 0.192393 98.268 3023537
6.13347 0.192452 98.487 2862334
6.13467 0.19249 98.5755 2862894
6.2031 0.194637 98.7381 3453494
6.23278 0.195568 98.8585 3821052
6.25055 0.196126 99.0058 2391320
6.27989 0.197047 99.2946 608054
6.30178 0.197733 99.3239 6736185
6.30317 0.197777 99.6088 3452884
6.33764 0.198858 100.009 3453186
6.349 0.199215 100.679 3452897
6.35607 0.199437 101.296 2758522
6.35987 0.199556 101.306 3453789
6.43479 0.201907 101.529 5080855
6.45225 0.202455 101.695 328202
10.3905 0.326027 102.255 6072380
10.3974 0.326244 103.185 3450180
10.4106 0.326657 103.192 2259897
10.4214 0.326998 103.56 3452504
10.4261 0.327145 103.82 3453727
10.4359 0.327451 104.339 2758737
10.4425 0.327658 104.608 5081590
10.4492 0.327868 105.25 3453632
10.5129 0.329868 105.473 3821544
10.5423 0.330791 106.192 2758581
10.5491 0.331002 106.818 3821093
10.5675 0.331581 106.847 2758582
10.6357 0.333722 107.349 3821266
10.6367 0.333752 109.364 3821071
10.6512 0.334206 110.102 2673432
10.6792 0.335085 110.242 2861128
10.7026 0.335821 110.367 5081263
10.729 0.336649 110.426 3453289
10.7766 0.338142 111.411 3451962
10.8344 0.339956 112.289 2860569
10.8366 0.340023 113.067 3015450
10.8941 0.34183 114.991 3453894
10.9341 0.343082 115.071 2575227
10.9818 0.34458 115.689 6911121
10.9855 0.344695 115.701 2759598
10.9873 0.344752 116.415 3015446
10.9903 0.344847 116.569 3453746
10.9945 0.344977 117.944 3453653
10.9987 0.345112 118.034 3821054
11.0179 0.345712 118.796 3454084
11.0362 0.346286 119.734 3821097
11.0423 0.346478 120.805 3452355
11.0434 0.346513 120.956 384277
11.0454 0.346575 121.018 2757249
11.0541 0.346848 121.144 3289979
11.0618 0.34709 122.211 2672854
11.1901 0.351116 122.338 3451860
11.2274 0.352285 122.34 3453290
11.2322 0.352436 123.815 2261788
11.2703 0.353632 124.904 2202236
11.2747 0.353772 125.67 3017538
11.2797 0.353928 126.156 2757496
11.2852 0.354099 126.286 2760382
11.2933 0.354354 126.68 6735272
11.2941 0.354378 128.849 2672470
11.3071 0.354786 129.472 2673740
11.3225 0.355272 130.248 495964
11.3289 0.355473 130.317 2758365
11.3316 0.355556 130.401 3017610
11.3333 0.355611 130.745 3454138
11.3351 0.355666 131.357 3453895
11.3381 0.35576 131.376 3452706
11.3519 0.356193 134.015 2759653
11.3597 0.356436 135.084 2671222
11.3723 0.356834 135.159 2375968
11.3829 0.357167 135.932 2757623
11.3869 0.357291 135.948 2760465
11.3953 0.357555 137.683 3453621
11.4163 0.358214 137.851 3452895
11.4514 0.359314 137.953 3288186
11.4744 0.360038 138.99 3450616
11.4819 0.360274 140.731 3452871
11.4894 0.360508 142.919 3453284
11.4954 0.360696 144.452 3821100
15.5057 0.486527 145.18 809737
15.5077 0.48659 145.645 2760176
15.5239 0.487098 146.238 544820
15.5267 0.487187 147.529 3821047
15.5324 0.487366 147.93 2757744
15.5472 0.487829 148.26 2669294
15.5689 0.48851 151.342 2756922
15.5812 0.488897 153.162 2757417
15.5847 0.489006 153.706 2670230
15.5864 0.48906 155.487 3454041
15.5902 0.489181 155.915 3453403
15.5918 0.48923 156.41 3454085
15.5929 0.489264 158.192 2924099
15.5973 0.489401 160.365 3453643
15.6019 0.489546 165.665 3453655
15.6057 0.489668 169.302 3453791
15.6075 0.489723 170.925 2863295
15.6171 0.490024 171.982 3821101
15.6183 0.490061 172.596 3452708
15.624 0.490239 174.646 3453203
15.6618 0.491426 174.867 2760427
15.6752 0.491846 176.901 2669748
15.6815 0.492044 177 3453210
15.6837 0.492113 182.039 3453661
15.6895 0.492295 182.839 3453759
15.6915 0.492358 184.086 3453492
15.6939 0.492432 186.128 3451495
19.7047 0.618282 186.372 7480083
19.7069 0.618351 186.851 6423114
19.7111 0.618482 189.365 2860340
19.7176 0.618686 192.326 6992342
19.7274 0.618995 195.332 2759083
19.7299 0.619074 196.139 3821083
19.7351 0.619236 196.915 96616
19.7469 0.619606 197.639 2870088
19.7538 0.619823 201.048 1949560
19.7549 0.619857 202.802 3017793
19.7578 0.619947 206.377 3451815
19.7597 0.620008 208.461 2758408
19.7656 0.620194 211.166 173012
19.7667 0.620227 211.497 3821334
19.7705 0.620347 211.547 3453731
19.7819 0.620704 213.978 2758990
19.7842 0.620776 226.15 2915189
19.7853 0.620811 226.964 3820955
19.7913 0.621001 232.726 567986
19.7927 0.621042 233.384 2758966
19.7938 0.621077 239.977 25993
19.7952 0.621121 243.607 3452626
19.7978 0.621204 244.199 3453495
19.7991 0.621245 246.797 3451753
19.7997 0.621263 250.178 3454074
19.8008 0.621298 256.976 2757324
19.8029 0.621363 262.385 3453631
19.8096 0.621572 262.708 3821265
19.811 0.621618 269.399 3451568
19.8121 0.621653 274.327 3453444
19.8162 0.621779 290.235 6201454
19.8171 0.62181 297.514 2505415
19.8179 0.621835 308.223 3452094
19.8222 0.621967 321.333 3453725
19.8244 0.622037 322.618 3453294
19.8257 0.62208 323.734 3453036
19.8266 0.622108 331.771 3453932
19.8276 0.622139 337.57 3452901
19.8293 0.622191 359.822 3453625
19.8302 0.622219 360.645 2758384
19.8308 0.622239 388.986 3453907
19.8314 0.622256 408.507 3821460
23.8423 0.74811 454.832 1221929
23.8427 0.748121 460.111 3822599
23.8436 0.748151 486.278 3452900
23.8442 0.748167 505.712 2757597
23.8447 0.748184 507.232 2758566
23.845 0.748195 528.909 33882
23.846 0.748226 549.123 3452660
23.847 0.748256 589.297 3821186
23.8478 0.748282 591.043 3453016
27.8588 0.874136 772.659 3055858
27.8591 0.874147 997.945 3820805
31.8701 1 1396.11 809643
