Unknown 4 358 358 358 358 float/unsigned
CumulativeMeasure | CDF | Dose | TetraID
0.000554706 1.74052e-05 0 3821460
0.00184669 5.79442e-05 0 3451753
0.00329641 0.000103433 0 3451568
0.00439241 0.000137822 0 1404501
0.00701453 0.000220097 0 3450644
0.00758904 0.000238124 0 3020249
0.00805158 0.000252638 0 3017795
0.00860161 0.000269896 0 2197624
0.0096001 0.000301226 0 3017601
0.0100522 0.00031541 0 3017174
0.0111655 0.000350345 0 2924099
0.0116459 0.000365418 0 3821456
0.0123646 0.000387969 0 3679218
0.0125911 0.000395075 0 3821635
0.0133582 0.000419145 0 2760256
0.015839 0.000496985 0 4594878
0.0168037 0.000527257 0 2505415
0.0182352 0.000572174 0 4723395
0.0187833 0.00058937 0 2758566
0.0207357 0.000650632 0 2758408
0.0216309 0.000678722 0 2758384
0.0230437 0.000723053 0 2758133
0.0232711 0.000730187 0 2757642
0.0237967 0.000746677 0 2757597
0.0249234 0.000782031 0 384277
0.0250478 0.000785934 0 3820222
0.0255929 0.000803038 0 3454072
0.0273161 0.000857109 0 3454041
0.0281682 0.000883846 0 3820705
0.0284981 0.000894196 0 3820805
0.0302869 0.000950325 0 3453664
0.0306668 0.000962243 0 3453624
0.033856 0.00106231 0 3453479
0.034198 0.00107304 0 33882
0.0344997 0.00108251 0 3453466
0.0352734 0.00110679 0 3453092
0.0361273 0.00113358 0 3453016
0.0373112 0.00117073 0 3452708
0.0381423 0.00119681 0 3452700
0.039112 0.00122723 0 3452660
0.040069 0.00125726 0 3821186
0.0418669 0.00131367 0.0768772 3015446
0.0430761 0.00135162 0.0915092 3452655
0.0487915 0.00153095 0.267376 2757744
0.0509767 0.00159951 0.269319 3453330
0.0531176 0.00166669 0.312162 3287317
0.0540718 0.00169663 0.478907 3821071
0.0557065 0.00174792 0.708572 3821094
0.0606675 0.00190359 1.2699 3452482
0.0619565 0.00194403 1.30661 3453909
0.0658569 0.00206642 1.59392 2670521
0.066218 0.00207775 1.68932 2761021
0.0672252 0.00210935 1.88868 3017048
0.067802 0.00212745 2.22365 2757641
0.0680219 0.00213435 3.19016 2759291
0.0692231 0.00217204 4.14253 2862894
0.0712297 0.002235 4.61843 3453492
0.0734452 0.00230452 4.78028 6423114
0.0770156 0.00241655 6.09297 2759287
0.0784191 0.00246059 6.2022 3452626
0.0790057 0.00247899 6.28027 3454074
0.0830246 0.0026051 7.66035 6201454
0.0860691 0.00270062 7.97374 3453746
0.0878417 0.00275624 8.74617 3452665
0.0912942 0.00286457 8.86485 3453650
0.0938967 0.00294623 9.21465 3453467
0.0988818 0.00310265 10.0376 2757496
0.103692 0.00325358 10.5854 2261788
0.109124 0.00342402 10.9097 2760382
0.112934 0.00354356 11.8141 6909450
0.113781 0.00357017 11.9117 3452580
0.114683 0.00359846 12.138 3453932
0.118974 0.0037331 12.238 3821054
0.122785 0.00385268 12.944 3452648
0.129287 0.00405668 14.5028 6992342
0.130063 0.00408104 16.0951 2672470
0.131487 0.00412571 17.6276 2864001
0.133678 0.00419447 18.0289 2759756
0.137506 0.00431458 18.7646 3453731
0.139049 0.004363 19.4336 2820800
0.154381 0.00484406 20.4494 3453166
0.15871 0.00497989 22.6364 2760294
0.160714 0.00504279 23.2436 2760176
0.161805 0.00507701 24.5545 3179007
4.17277 0.130931 27.0242 3055858
4.17396 0.130968 29.2269 2862537
4.18222 0.131227 29.2967 6200222
4.18458 0.131301 30.5021 3453135
4.18689 0.131374 32.6705 2915189
4.19665 0.13168 33.3126 2758737
4.2054 0.131954 33.9712 2759286
4.21772 0.132341 35.3729 2757417
4.22022 0.13242 35.4196 3821083
4.22515 0.132574 36.8901 567202
4.23652 0.132931 43.1064 2758990
4.24343 0.133148 43.1219 1949560
4.2512 0.133392 43.7362 2671222
4.27289 0.134072 44.9674 2756922
4.27397 0.134106 45.904 3016287
4.27912 0.134268 46.0212 174346
4.28305 0.134391 47.5557 2758929
4.28752 0.134531 49.5981 2758588
4.3013 0.134963 49.6565 2670374
4.3081 0.135177 49.7791 3453139
4.31869 0.135509 50.1201 2757623
4.32193 0.135611 51.8002 2664990
4.3364 0.136065 51.8314 2673432
4.3411 0.136212 51.8375 2260622
4.34351 0.136288 51.8407 3451749
4.34997 0.136491 52.1255 3821383
4.37185 0.137177 53.8402 6736185
4.37543 0.13729 54.6362 3452739
4.37756 0.137356 55.2026 3015450
4.38104 0.137465 57.5846 2670230
4.38527 0.137598 57.673 3453725
4.38663 0.137641 57.8522 3453036
4.38724 0.13766 61.6394 3453846
4.39393 0.13787 62.9928 3821265
4.40693 0.138278 63.456 2673740
4.41185 0.138432 64.4353 44928
4.41416 0.138505 64.7314 3180264
4.42006 0.13869 66.069 173012
4.42576 0.138869 66.4352 3452754
4.42695 0.138906 66.9997 2759726
4.42825 0.138947 68.1791 3453303
4.4309 0.13903 69.0868 3017610
4.43646 0.139205 69.1015 174300
4.44108 0.13935 69.5872 3453655
4.4504 0.139642 70.0606 3453188
8.46137 0.265496 70.1849 1221929
8.46534 0.26562 70.2802 2760465
8.49784 0.26664 71.1871 3020322
8.50199 0.26677 71.2214 3453653
8.54306 0.268059 71.3908 3015451
8.56722 0.268817 71.5923 2756491
8.5702 0.26891 71.9074 3453026
8.61779 0.270404 72.8008 3451962
8.63281 0.270875 73.9377 2756991
8.63863 0.271058 74.0754 3453759
8.67276 0.272128 75.2461 3452910
8.71087 0.273324 75.3272 2202236
8.71727 0.273525 75.3528 2758365
8.7453 0.274405 76.5367 2861128
8.76685 0.275081 76.7705 3821030
12.7778 0.400934 77.5742 809643
12.8694 0.403808 77.8262 3453136
12.8883 0.404402 78.0639 3453592
13.0536 0.409588 78.5716 3453137
13.065 0.409945 78.6448 3452897
13.0893 0.410708 78.8021 3451207
13.1267 0.411882 79.0479 3452663
13.1285 0.411937 79.1239 2863295
13.138 0.412238 79.1672 3821101
13.2065 0.414385 79.9495 3453494
13.2085 0.414448 80.6148 3821062
13.224 0.414933 80.7801 495964
13.2366 0.415331 80.9594 2375968
13.273 0.416473 81.1041 2758261
13.4013 0.420499 82.5689 3451860
13.4651 0.422499 83.3704 3821544
13.4726 0.422734 84.0387 3453284
13.4797 0.422957 84.318 3821096
13.5094 0.423889 85.3692 3821052
13.6124 0.427122 85.9317 3453885
13.6201 0.427364 86.0298 2672854
13.6268 0.427575 86.458 3821093
13.6287 0.427634 86.7199 2862334
13.6344 0.427812 87.2324 3453203
13.6454 0.428158 87.461 3453668
13.656 0.428489 87.7536 3452124
13.6718 0.428985 87.9614 6201461
13.7593 0.431732 88.02 2262810
13.7897 0.432683 88.0698 60165
13.8247 0.433783 88.1165 3288186
13.8268 0.433848 88.7327 3453631
13.8562 0.434771 88.9172 2758581
13.8614 0.434933 89.0665 96616
13.9009 0.436175 89.1641 2759142
13.9143 0.436596 89.1749 2669748
13.9159 0.436645 89.2334 2757364
13.9459 0.437586 89.2785 2758580
13.9551 0.437874 89.6365 3453826
13.962 0.438091 89.8133 3450180
14.0044 0.439422 90.1037 3451384
14.0135 0.439708 90.3901 2673384
14.0149 0.439752 90.5165 3452884
14.0265 0.440114 90.5284 2759805
14.0382 0.440483 91.288 2870088
14.0469 0.440756 91.9048 3289979
14.0847 0.441942 92.2874 2760427
14.1096 0.442724 92.5879 6201540
14.1331 0.443459 92.6013 5081263
14.1907 0.445266 92.6493 3453894
14.2081 0.445814 92.7692 328202
14.2229 0.446277 92.8102 2669294
14.2327 0.446586 94.0577 2759083
14.2362 0.446695 94.6093 3454203
14.2428 0.446902 94.6749 5081590
14.2598 0.447435 94.8608 3023537
14.272 0.447818 94.9197 2671233
14.3093 0.448988 95.2712 3453290
14.3095 0.448994 95.3327 3822600
14.3193 0.449303 95.3656 568410
14.3302 0.449644 95.7421 3452504
14.3377 0.44988 95.7868 3452871
14.3437 0.450068 96.6786 2669759
14.373 0.450988 96.7498 3821031
14.3775 0.451127 99.2094 3017538
14.3966 0.451728 99.725 3454084
14.4402 0.453097 100.08 2670929
14.472 0.454094 100.927 3820572
14.4758 0.454213 101.632 3453789
14.5052 0.455134 102.384 608054
14.5138 0.455407 102.467 3452956
14.5818 0.45754 102.504 2757587
14.5867 0.457692 102.616 2758811
14.6029 0.4582 102.651 544820
14.6446 0.459511 104.161 3452812
14.6493 0.459658 104.349 3453727
14.6509 0.459706 104.78 2861292
14.6517 0.459731 104.927 3821110
14.6543 0.459815 105.77 3453495
14.6726 0.460389 105.778 3821097
14.6775 0.460541 106.399 2256585
14.7442 0.462635 107.348 2860645
14.7651 0.463289 108.14 2669739
14.8333 0.46543 108.761 3821266
14.8358 0.465507 108.965 3822116
14.8442 0.465772 109.095 3453267
14.8647 0.466416 110.141 2760424
14.9124 0.467913 110.246 6911121
14.9145 0.467977 110.619 2670777
14.9329 0.468556 111.562 2758582
14.9344 0.468601 111.781 1498
14.9359 0.468648 112.706 2757393
14.9378 0.468708 113.019 3024286
14.9494 0.469073 113.65 3453130
15.0072 0.470887 114.026 2860569
15.0417 0.471969 114.197 3453186
15.0737 0.472974 115.746 3452037
15.086 0.473359 115.987 3821032
15.1091 0.474083 116.601 3450616
15.184 0.476434 120.48 5080855
15.185 0.476466 120.685 2671805
15.186 0.476497 125.992 3452901
15.1864 0.476511 126.064 2757061
15.1949 0.476778 126.238 3452629
15.2166 0.477458 126.306 3453022
15.2326 0.477958 127.307 3452278
15.2577 0.478746 127.866 6200472
15.2756 0.479307 129.086 2670468
19.2864 0.605157 130.192 7480083
19.3261 0.606402 130.204 6200460
19.3525 0.60723 130.376 3453289
19.3536 0.607265 131.815 2757324
19.3567 0.607362 132.758 2759818
19.3574 0.607385 132.774 1632745
19.3613 0.607506 133.233 3453403
19.3657 0.607646 134.243 3821393
19.369 0.60775 134.598 3452172
19.375 0.607937 135.314 3821100
19.3824 0.608171 136.386 3452690
19.3911 0.608443 136.773 2869964
19.3926 0.608491 138.316 2758947
19.3937 0.608524 139.691 3821334
19.4021 0.608788 140.784 3453621
19.4058 0.608904 142.044 2759598
19.4218 0.609405 143.681 3821088
19.464 0.61073 143.741 6200994
19.4794 0.611214 145.528 6736184
19.4814 0.611275 147.186 2757249
19.4875 0.611467 148.854 3452355
19.5104 0.612186 149.835 3820387
19.5275 0.612721 150.673 2758672
19.5402 0.61312 151.104 3452376
19.5801 0.614373 151.344 2575227
19.5868 0.614582 151.402 3453632
19.5881 0.614624 151.999 2758966
19.6039 0.615118 153.913 3452304
19.6108 0.615336 155.582 2261801
19.6223 0.615697 158.906 3453292
19.627 0.615845 160.84 3452914
19.6341 0.616067 161.469 2758522
19.6354 0.616109 161.828 3452736
19.6411 0.616285 162.294 4021755
19.6442 0.616383 163.42 3453504
19.6468 0.616466 163.968 3450932
19.6512 0.616603 167.531 3453643
19.6534 0.616672 171.303 3450547
19.6583 0.616825 173.134 3453217
19.677 0.617412 173.952 3452036
19.6776 0.617431 175.265 3453907
19.6826 0.617587 176.102 2757689
19.6836 0.61762 176.136 2172188
19.6897 0.61781 176.404 567986
19.6925 0.617901 178.403 3451815
19.6955 0.617994 178.488 3452706
19.6978 0.618066 178.891 2757686
19.7188 0.618725 181.293 3452895
19.732 0.619138 184.005 2259897
19.7458 0.619571 185.925 2759653
19.7508 0.619728 186.33 2760241
19.7525 0.619783 187.99 3454138
19.7536 0.619817 189.056 3017793
19.7618 0.620072 189.261 6735272
19.7795 0.62063 190.643 2391320
19.7837 0.620761 196.386 2860340
19.7865 0.62085 196.487 3454126
19.7942 0.62109 204.847 6733066
19.7986 0.621228 205.204 3453404
19.8027 0.621358 206.416 78975
19.8116 0.621635 207 573271
19.8137 0.621703 209.016 3453661
19.8211 0.621936 223.73 2760367
19.8222 0.62197 230.978 3820955
19.8252 0.622064 231.008 3452979
19.8264 0.622099 232.888 3453444
19.8305 0.622229 237.389 2757471
19.8381 0.622467 238.469 3289503
19.8409 0.622555 248.475 3821047
19.8424 0.622604 250.233 3454085
23.7807 0.746177 255.192 6072380
23.782 0.746218 256.761 3821079
23.794 0.746594 259.661 3451100
23.7947 0.746615 260.085 495985
23.8006 0.746801 262.548 2759676
23.8039 0.746904 263.984 159762
23.8052 0.746945 264.689 3452917
23.8105 0.747112 280.24 545350
23.8117 0.747149 287.643 3453967
23.8128 0.747185 293.147 25993
23.8134 0.747203 302.76 2873184
23.8197 0.747401 309.938 3453210
23.822 0.747473 316.718 2202234
23.8227 0.747495 324.333 3453827
27.833 0.873327 336.498 809737
27.8345 0.873375 339.845 2759212
27.8362 0.873428 349.334 3453625
27.838 0.873483 365.685 3453895
27.8403 0.873557 375.463 3451495
27.8424 0.873622 400.112 2859931
27.8436 0.873659 422.108 3453123
27.8443 0.87368 441.158 3453838
27.8452 0.87371 442.299 3452900
27.8462 0.873743 470.674 3453493
31.8571 0.999593 470.676 4075543
31.8581 0.999623 483.357 2760133
31.8587 0.999643 492.183 2673399
31.8591 0.999655 537.992 160553
31.8629 0.999776 545.011 3453791
31.8651 0.999845 572.568 3453294
31.866 0.999873 588.07 328130
31.8669 0.9999 617.431 6617723
31.8675 0.999917 618.486 2757053
31.8682 0.999942 679.969 3452094
31.8687 0.999956 841.031 3017184
31.8697 0.999989 844.469 1563355
31.8701 1 1074.58 3822599
