Unknown 4 358 358 358 358 float/unsigned
CumulativeMeasure | CDF | Dose | TetraID
0.000202029 6.33914e-06 0 3822600
0.00132499 4.15748e-05 0 3453444
0.00206621 6.48324e-05 0 1632745
0.00309705 9.71773e-05 0 3453493
0.00409234 0.000128407 0 3452901
0.00504289 0.000158233 0 3452900
0.00552326 0.000173305 0 3821456
0.00782887 0.00024565 0 3180264
0.00838358 0.000263055 0 3821460
0.00861004 0.00027016 0 3821635
0.00968716 0.000303958 0 3016287
0.0101253 0.000317705 0 2757061
0.0104804 0.000328849 0 3822599
0.0110868 0.000347875 0 3453846
0.0121936 0.000382603 0 2757324
0.0127387 0.000399706 0 3454072
0.0136264 0.000427561 0 328130
0.0153725 0.000482348 0 3454138
0.015898 0.000498839 0 2757597
0.0161179 0.000505738 0 2759291
0.0162423 0.000509642 0 3820222
0.0164697 0.000516777 0 2757642
0.0175668 0.0005512 0 3820955
0.0181149 0.000568397 0 2758566
0.0184568 0.000579127 0 33882
0.019352 0.000607216 0 2758384
0.0198041 0.000621401 0.111066 3017174
0.0205712 0.000645471 0.363014 2760256
0.0217548 0.00068261 0.383317 3453967
0.0220847 0.000692961 1.24073 3820805
0.0234127 0.000734629 1.97155 3821079
0.0240623 0.000755013 2.74407 495985
0.0267187 0.000838363 2.98167 3453495
0.0272932 0.00085639 3.24264 3020249
0.027673 0.000868308 3.64581 3453624
0.0285377 0.000895439 6.10972 6617723
0.030088 0.000944084 13.8322 2759212
0.0315378 0.000989572 14.2055 3451568
0.0326338 0.00102396 14.3492 1404501
0.0373286 0.00117127 15.3713 3453727
0.0387321 0.00121531 18.2649 3452626
0.0399414 0.00125326 18.6274 3452655
0.0414613 0.00130095 22.9518 2758947
0.0425518 0.00133517 24.3512 3179007
0.0443406 0.00139129 26.7018 3453664
0.0450594 0.00141385 32.7123 3679218
0.0483694 0.00151771 41.5163 3452172
0.0497598 0.00156133 42.1732 3452884
0.051963 0.00163046 45.0755 3450547
0.0529255 0.00166066 58.3118 2760133
0.060354 0.00189375 63.8812 3452690
4.07121 0.127744 64.177 4075543
4.08319 0.12812 71.4106 3451100
4.08601 0.128208 74.8351 3821047
4.09513 0.128494 84.6457 2673384
4.10339 0.128754 84.9588 6200222
4.10776 0.128891 88.2777 3453643
4.10885 0.128925 92.27 3017793
4.11243 0.129037 93.6461 3452739
4.1211 0.129309 97.7963 2869964
4.1258 0.129457 98.6343 2260622
4.12671 0.129485 99.8035 3453932
4.13554 0.129762 103.145 573271
4.14226 0.129973 105.91 3821093
4.14837 0.130165 106.725 3452355
4.15682 0.13043 108.143 3453267
4.17059 0.130862 108.3 2670374
4.17142 0.130888 112.505 3452700
4.21901 0.132381 112.548 3451962
4.21959 0.1324 112.741 2873184
4.24893 0.13332 112.817 608054
4.25583 0.133537 115.096 3450180
4.26173 0.133722 116.918 173012
4.26669 0.133878 120.124 3452482
4.27102 0.134013 121.476 2760294
4.28334 0.1344 124.735 2757417
4.30039 0.134935 124.744 2758672
4.31023 0.135244 124.938 2759083
4.31141 0.135281 127.364 3452708
4.31241 0.135312 134.665 3017601
4.32345 0.135658 135.696 3453668
4.33507 0.136023 135.802 3453130
4.35103 0.136524 136.238 3452278
4.35401 0.136617 138.251 3453026
4.35815 0.136747 138.398 3453653
4.37087 0.137147 138.564 3452376
4.37243 0.137195 139.913 3454085
4.37355 0.13723 142.944 25993
4.3756 0.137295 143.18 3453631
4.37962 0.137421 144.947 6201454
4.39183 0.137804 145.171 2671233
4.39383 0.137867 145.237 2760176
4.39731 0.137976 146.017 2670230
4.40212 0.138127 147.485 2261788
4.44388 0.139437 147.627 3452812
4.44606 0.139506 148.02 3453661
4.45167 0.139682 148.247 4021755
4.45847 0.139895 148.505 3453139
4.46011 0.139947 148.824 3821094
4.46424 0.140076 149.187 78975
4.46956 0.140243 150.506 545350
4.47832 0.140518 150.779 2759286
4.49412 0.141014 152.25 6201461
4.49809 0.141138 158.692 2760465
4.51385 0.141633 159.891 3452304
4.54354 0.142564 160.38 3821052
4.55671 0.142978 160.627 2259897
4.59083 0.144048 161.731 3452910
4.61168 0.144703 161.731 2669739
4.65134 0.145947 162.686 6200460
4.65335 0.14601 163.143 3821062
4.65941 0.1462 163.717 567986
4.67416 0.146663 164.168 2669294
4.67664 0.146741 165.763 4594878
4.69166 0.147212 166.968 2756991
4.69638 0.14736 167.018 3452914
4.69873 0.147434 170.191 3451495
4.70192 0.147534 170.483 3453479
4.70397 0.147598 170.775 2859931
4.70836 0.147736 171.325 3453404
4.71185 0.147846 171.451 3454203
4.72054 0.148118 171.719 3289979
4.72695 0.148319 172.944 2758365
4.73295 0.148508 173.844 2669759
4.76934 0.149649 173.865 2758261
4.77279 0.149758 175.005 3453650
4.78255 0.150064 176.821 2758737
4.80443 0.150751 178.127 6736185
4.84224 0.151937 178.149 2760427
4.88448 0.153262 178.923 6200994
4.89407 0.153563 180.565 3821101
4.89976 0.153742 180.759 3453203
4.99135 0.156616 181.586 3453136
5.00272 0.156972 182.946 2758990
5.00518 0.15705 183.999 3822116
5.02934 0.157808 184.346 2756491
5.04764 0.158382 185.021 3821097
5.11606 0.160529 187.359 3453494
5.11842 0.160603 187.617 3453135
5.11961 0.16064 191.689 3453123
5.12182 0.160709 192.395 3453294
5.15113 0.161629 193.815 3821031
5.15332 0.161698 194 2759756
5.15902 0.161877 194.902 3452754
5.16752 0.162143 195.056 3452629
5.17736 0.162452 197.71 568410
5.18427 0.162669 197.79 1949560
5.19358 0.162961 198.712 3453188
5.26181 0.165102 199.106 3821266
5.27881 0.165635 200.144 3023537
5.28377 0.165791 201.425 2757689
5.35176 0.167924 201.767 2757587
5.38681 0.169024 204.028 3288186
9.32508 0.292597 205.997 6072380
9.32551 0.29261 206.152 3017184
9.33035 0.292762 206.244 2256585
9.374 0.294132 206.558 2670929
9.41128 0.295301 207.422 3453290
9.41223 0.295331 208.296 3821186
9.54055 0.299357 209.484 3451860
9.5444 0.299478 209.774 3453403
9.55593 0.29984 210.259 2759805
9.56341 0.300075 212.289 3453284
9.5883 0.300856 212.697 6201540
9.59967 0.301212 214.451 3452897
9.60384 0.301343 214.672 2860340
9.6147 0.301684 214.783 3452504
9.62177 0.301906 214.915 2758522
9.64521 0.302642 216.584 5081263
9.66061 0.303125 216.75 6736184
9.66644 0.303308 217.029 3453759
9.75397 0.306054 217.606 2262810
9.75662 0.306137 218.543 3450932
9.75893 0.30621 219.262 2915189
9.76065 0.306264 220.533 3454041
9.76268 0.306328 221.386 2670777
9.76982 0.306551 221.581 3821096
9.78873 0.307145 221.861 3453592
9.78959 0.307172 225.575 3453016
9.80136 0.307541 228.149 2870088
9.84129 0.308794 229.54 2575227
9.85575 0.309248 229.586 2673432
9.85841 0.309331 231.176 3017610
9.87996 0.310007 231.816 3821030
9.91442 0.311089 232.192 3453186
9.91511 0.31111 232.51 3453838
9.94314 0.31199 233.394 2861128
9.94947 0.312188 233.669 3453210
9.95868 0.312477 234.768 3453826
9.96297 0.312612 235.169 3821054
9.96965 0.312822 235.377 3453632
9.98838 0.313409 236.735 3452036
9.99707 0.313682 237.207 3452956
10.0025 0.313852 237.511 2760382
10.0187 0.31436 237.642 544820
10.0763 0.316167 237.926 3453894
14.0872 0.442021 238.476 1221929
14.1172 0.442961 238.836 2758580
14.1553 0.444157 239.284 2202236
14.2584 0.44739 239.544 3453885
18.2693 0.573244 239.645 3055858
18.2759 0.573451 241.18 5081590
18.2937 0.574008 241.515 2391320
18.459 0.579195 241.655 3453137
18.4603 0.579237 242.307 3453036
18.5182 0.581051 242.534 2860569
18.523 0.581204 242.739 2758811
18.5238 0.581228 242.74 3453092
18.5315 0.58147 243.003 2672854
18.5952 0.58347 243.908 3821544
18.6204 0.584258 244.257 6200472
18.6215 0.584293 245.354 2924099
18.6221 0.584312 245.768 3453907
18.6348 0.58471 246.307 2375968
18.6386 0.584829 248.805 3452648
18.681 0.586161 249.037 3451384
18.6849 0.586282 249.134 3453791
18.6908 0.586468 250.008 2759676
18.7233 0.587488 250.359 3020322
18.7282 0.587642 251.372 567202
18.7308 0.587724 251.524 3453467
18.7602 0.588647 252.755 2758581
18.7639 0.588762 254.076 2759598
18.7657 0.588818 254.357 3453895
18.7734 0.589059 255.072 6733066
18.8129 0.590301 255.641 2759142
18.8165 0.590413 256.947 2759287
18.8468 0.591365 256.975 60165
18.8483 0.591409 257.106 2758133
18.8857 0.592583 258.41 3452663
18.9086 0.593302 258.555 3820387
18.9406 0.594307 259.462 3452037
18.9451 0.594446 260.16 3017538
18.9588 0.594879 260.771 2759653
18.9602 0.594921 262.251 3452736
18.9635 0.595024 262.808 159762
18.9814 0.595586 263.205 2670468
18.9973 0.596087 266.1 3821088
18.9988 0.596134 266.602 2757393
19.0044 0.596308 272.49 174300
19.0249 0.596952 272.868 2760424
19.0355 0.597284 274.324 2757623
19.0371 0.597334 274.567 2757364
19.041 0.597456 275.1 2670521
19.0627 0.598137 276.858 2756922
19.0692 0.598341 278.655 6992342
19.0698 0.598359 279.543 2757641
19.0852 0.598845 279.846 495964
19.1037 0.599424 283.028 2758582
19.1354 0.60042 284.45 3820572
19.143 0.600657 285.003 3289503
19.1583 0.601138 285.549 3453166
19.159 0.601159 285.628 2673399
19.1674 0.601423 285.855 3453621
19.2423 0.603774 285.95 5080855
19.2469 0.603919 292.098 3453655
19.3137 0.606013 292.743 2860645
19.3149 0.60605 296.442 2862537
19.3206 0.606229 298.19 2757744
19.3231 0.606308 298.341 3821083
19.3272 0.606438 300.352 2757471
19.3289 0.60649 301.643 3453625
19.3532 0.607253 301.649 3451207
19.3577 0.607394 302.765 2758588
19.3658 0.607649 303.05 6735272
19.3773 0.60801 303.093 3453292
19.3983 0.608669 303.426 3452895
23.4093 0.734523 306.884 809643
23.4107 0.734567 306.965 2864001
23.4338 0.735291 307.696 3450616
23.4815 0.736788 308.139 6911121
23.4938 0.737174 308.497 3821032
23.5012 0.737407 308.899 2760367
23.5045 0.737509 311.301 2664990
23.5219 0.738057 311.74 328202
23.5229 0.738086 311.882 3821071
23.5247 0.738142 312.277 3452665
23.538 0.738562 314.655 2669748
23.5393 0.738603 315.156 3453303
23.5408 0.738649 315.484 1498
23.5672 0.739477 319.218 3453289
23.5702 0.73957 320.824 3452706
23.5732 0.739664 323.671 3452979
23.5862 0.740072 323.673 2673740
23.5926 0.740275 323.696 3821383
23.6117 0.740875 324.298 3454084
23.6131 0.740916 326.148 3452917
23.6541 0.742205 330.771 3015451
23.6563 0.742274 331.382 3453330
23.6641 0.742517 337.292 2671222
23.6716 0.742753 340.289 3452871
23.6766 0.74291 342.124 2760241
23.6775 0.742937 347.286 3452580
23.6841 0.743147 347.381 3821265
23.689 0.743299 349.465 3453217
23.6959 0.743517 355.002 2261801
23.6988 0.743605 357.565 3454126
23.7019 0.743703 358.033 3453504
23.7057 0.743824 358.109 3453731
23.7077 0.743887 362.144 3453492
23.7294 0.744567 366.628 3453022
23.7307 0.744608 368.608 2758966
27.741 0.870439 370.315 809737
27.7424 0.870484 370.405 4723395
27.7484 0.870672 372.057 3821100
27.7589 0.871003 375.345 3452124
27.7632 0.871136 377.143 3453725
27.7654 0.871205 378.388 6423114
27.7675 0.871273 381.136 3287317
27.7697 0.871339 381.163 3015450
27.7715 0.871398 391.311 2862334
27.7753 0.871517 402.499 3453789
27.7782 0.871608 406.387 3451815
31.789 0.997457 407.68 7480083
31.7915 0.997533 407.927 3451749
31.7918 0.997542 410.135 3453466
31.7928 0.997575 425.626 1563355
31.7948 0.997637 425.683 2758408
31.7955 0.997661 430.594 2672470
31.7994 0.997781 431.343 6909450
31.8009 0.997829 432.636 2820800
31.8039 0.997925 443.391 3453746
31.8084 0.998064 450.986 3821393
31.8133 0.998219 463.572 44928
31.8164 0.998316 468.837 2759818
31.8182 0.998371 474.615 2863295
31.8233 0.998533 477.607 174346
31.824 0.998555 478.047 3453827
31.8248 0.99858 485.415 3452094
31.826 0.998618 487.23 2862894
31.8283 0.99869 493.929 2757686
31.831 0.998773 499.911 3450644
31.8323 0.998813 505.654 3451753
31.8334 0.99885 507.833 2759726
31.8374 0.998974 527.439 2758929
31.8384 0.999006 530.734 2671805
31.8404 0.999068 576.23 2757249
31.8413 0.999098 576.353 2505415
31.8433 0.999158 602.811 3024286
31.8484 0.999321 603.497 96616
31.8502 0.999377 619.339 3015446
31.8513 0.999411 629.497 2172188
31.8524 0.999444 647.283 3821334
31.8546 0.999516 677.42 2202234
31.8552 0.999533 679.504 2757053
31.8556 0.999544 692.288 2761021
31.8563 0.999569 741.078 3821110
31.8569 0.999587 741.393 3454074
31.8619 0.999744 775.908 2757496
31.8632 0.999784 830.994 3453909
31.8636 0.999796 833.04 160553
31.8646 0.999827 838.885 3017048
31.8654 0.999854 852.394 3820705
31.867 0.999902 912.588 2861292
31.8681 0.999938 943.197 384277
31.8687 0.999955 1006.21 2197624
31.8696 0.999985 1096.77 3452660
31.8701 1 1745.14 3017795
