Unknown 4 719 719 719 719 float/unsigned
CumulativeMeasure | CDF | Dose | TetraID
0.00588013 4.81985e-05 18.9788 3232155
0.010838 8.88376e-05 21.3357 4183299
0.0197187 0.000161631 28.2643 4752296
0.0231676 0.000189901 30.2855 5680320
0.0329357 0.000269968 34.6878 3232229
0.0492626 0.000403797 36.019 7150627
0.0722539 0.000592253 36.8405 5680294
0.104725 0.00085841 38.8079 5432267
0.114507 0.000938594 38.8648 3898412
0.124358 0.00101934 40.9528 6849974
0.144485 0.00118432 42.2129 4354294
0.164098 0.00134509 42.6672 7631892
0.176609 0.00144764 42.8712 4175276
0.184288 0.00151058 43.7193 3899099
0.197933 0.00162243 44.8596 4858236
0.212001 0.00173774 45.764 4183194
0.233043 0.00191022 46.7867 4754062
0.235408 0.00192961 47.0087 5680327
0.245907 0.00201566 47.349 5765452
0.269457 0.00220869 47.4829 1406568
0.286215 0.00234605 48.5893 3231800
0.301105 0.00246811 49.3168 3232287
0.322173 0.0026408 49.7476 7820300
0.333142 0.00273071 50.1595 5219513
0.350846 0.00287583 51.1497 7151496
0.357409 0.00292962 51.3807 3230932
0.361246 0.00296107 52.2317 3192809
0.384466 0.0031514 53.7176 5605172
0.399187 0.00327207 54.6996 4771801
0.491413 0.00402803 55.2966 621345
0.57484 0.00471187 55.4586 5431925
0.702646 0.00575948 55.7755 1762207
0.710793 0.00582625 55.8297 3897500
0.726588 0.00595572 56.4608 1531434
0.754349 0.00618328 57.6253 6939639
0.787948 0.00645868 57.7864 4178216
0.942544 0.00772588 57.9109 4175701
0.979315 0.00802728 59.3526 5489673
0.994253 0.00814973 59.5967 4347997
1.02934 0.00843734 59.7263 3231287
1.05744 0.00866764 60.2037 3896349
1.08371 0.00888302 61.1554 3804160
1.121 0.00918862 61.1957 5432134
1.14246 0.00936456 61.36 3897134
1.18093 0.0096799 61.4253 6849428
1.19674 0.00980949 61.491 3231558
1.23883 0.0101545 61.6736 7723693
1.26634 0.01038 61.7414 5682858
1.27899 0.0104836 61.8271 3231668
1.30121 0.0106658 62.5895 4779764
1.31671 0.0107928 62.6086 55359
1.39218 0.0114115 62.8251 6994587
1.41585 0.0116055 62.8996 4669270
1.56613 0.0128373 63.2324 3896739
1.62504 0.0133202 63.2734 5431724
1.65909 0.0135993 63.4792 3231352
1.71383 0.014048 64.3764 6850390
1.88423 0.0154448 64.5014 3897993
1.96988 0.0161468 64.6372 5574409
5.33419 0.0437235 64.8026 5574486
5.40818 0.04433 65.457 16991
5.52531 0.0452901 65.9784 3229962
5.55979 0.0455727 66.0998 4177168
5.59117 0.0458299 66.3221 5432742
5.63151 0.0461606 66.3926 6849956
5.63919 0.0462236 66.4397 5544949
10.7167 0.0878428 66.7752 3898379
10.7561 0.088166 67.2349 5680285
10.7621 0.0882156 67.2683 5571553
10.7757 0.0883263 67.5277 6849657
11.33 0.0928703 67.905 3897801
11.3458 0.093 68.362 664403
11.3558 0.0930817 68.8201 4355529
11.4156 0.0935719 69.0046 3232847
11.4521 0.0938712 69.2866 3901266
11.4937 0.0942118 69.4151 6842996
11.6733 0.0956842 69.5147 6996395
11.6894 0.0958163 69.6912 5433634
11.8242 0.0969212 69.7635 5574480
11.971 0.0981241 70.0709 3896279
12.107 0.0992387 70.3191 5574318
12.7781 0.10474 70.4104 5574732
12.8282 0.10515 70.5858 3902840
13.0266 0.106777 70.8935 5574387
13.037 0.106862 70.914 5764413
13.0767 0.107188 71.1112 663933
13.1639 0.107902 71.2377 5574411
13.1794 0.108029 71.2398 3897366
13.2238 0.108393 71.6194 5573928
17.0042 0.139381 71.6221 3229793
17.4179 0.142772 72.1246 3898118
18.0909 0.148288 72.1388 6849743
18.1095 0.14844 72.3088 5680321
18.1264 0.148579 72.4233 4523609
18.6145 0.15258 72.5073 6767441
18.6322 0.152725 72.7964 5680505
18.7268 0.153501 73.1844 4018808
19.2242 0.157578 73.2061 3900481
19.5276 0.160065 74.0227 6959402
19.5509 0.160255 74.0262 4355721
19.5596 0.160327 74.1519 4174518
20.5842 0.168725 74.1683 5680234
20.6001 0.168856 74.1825 3377587
20.6163 0.168989 74.3707 4016207
20.664 0.16938 74.4688 5347116
20.6762 0.16948 74.5647 4175688
20.9218 0.171492 74.6316 4183365
20.9373 0.171619 74.6941 4183948
20.9526 0.171745 74.708 6850150
20.9673 0.171866 74.9452 4854631
21.0393 0.172456 74.9935 4182726
22.4622 0.184119 75.2352 5433212
23.1165 0.189483 75.3678 3955600
23.1912 0.190095 75.4086 6850813
23.2271 0.190389 75.4885 4175522
23.3681 0.191545 76.1205 6479348
23.5101 0.192708 76.1228 5680127
23.6008 0.193452 76.226 4178895
23.8245 0.195285 76.2451 4175479
24.2444 0.198727 76.3505 7632286
24.329 0.199421 76.4223 4858290
24.3559 0.199641 76.5162 5193417
24.3733 0.199784 76.8704 3897830
24.3882 0.199906 76.9035 2117768
24.4632 0.200521 76.9794 4104166
24.4742 0.200611 77.078 6849755
24.5005 0.200827 77.1315 2382004
24.9002 0.204103 77.4342 3544219
24.9311 0.204356 77.596 6850109
24.9967 0.204894 77.8235 7646202
25.405 0.208241 78.0155 5433239
25.4307 0.208451 78.0628 7887338
25.4522 0.208627 78.0867 4858024
25.5457 0.209394 78.1577 6849438
28.996 0.237675 78.3778 7642221
29.0899 0.238445 78.6319 5345878
29.0979 0.238511 79.0373 5431604
29.1235 0.23872 79.0596 3231444
29.1788 0.239174 79.1186 5007663
29.4091 0.241062 79.5896 4182371
29.5372 0.242112 79.6667 5680293
30.6718 0.251411 79.8076 4179434
31.3775 0.257196 79.8477 812361
31.4751 0.257996 80.129 3895884
31.5041 0.258234 80.2952 4772767
32.1106 0.263205 80.966 5910133
32.1336 0.263394 81.0123 4175699
32.1419 0.263462 81.1491 5434462
33.4652 0.274309 81.4615 1532774
33.4736 0.274377 81.6091 5680580
33.4999 0.274593 81.9735 3898627
35.6558 0.292265 81.9918 4771304
35.6774 0.292442 82.4303 6850133
35.7458 0.293002 82.5041 3897650
36.0423 0.295433 82.6247 4856059
36.0757 0.295706 82.6793 5433448
36.0915 0.295836 83.0553 3734185
36.1165 0.296041 83.0825 5431826
36.1324 0.296171 83.1375 4671703
38.9525 0.319287 83.3373 4572376
38.989 0.319586 83.3659 3897412
39.0341 0.319956 83.7501 3901501
39.0592 0.320162 83.7604 5680506
39.1822 0.32117 83.839 6850391
39.3272 0.322359 84.0714 5433851
39.3378 0.322446 84.3447 140559
39.5259 0.323987 84.429 5432698
39.5762 0.3244 84.4485 3957254
39.5989 0.324586 84.7053 4177230
40.477 0.331783 84.728 2117767
40.5732 0.332572 84.7573 7030731
40.7731 0.33421 84.9085 4774896
40.9195 0.33541 85.0747 6352497
40.9984 0.336057 85.3236 4104874
41.0314 0.336328 85.353 5679913
41.0821 0.336744 85.4396 4862410
41.2401 0.338039 85.4781 7632125
41.2615 0.338214 85.5165 4182803
41.2715 0.338296 85.7606 6559114
41.3248 0.338733 85.7925 6237667
44.87 0.367792 85.8198 3897603
47.3242 0.387909 86.4335 4104133
47.4023 0.388549 86.4435 3957306
47.4177 0.388675 86.6671 880374
47.664 0.390694 86.6783 7258310
47.6865 0.390878 86.7538 7550729
47.8207 0.391979 86.9337 4864300
47.8307 0.39206 87.128 3231553
47.8703 0.392385 87.3141 4104639
47.9138 0.392742 87.6752 7202286
48.1957 0.395052 87.8633 3231460
48.2508 0.395504 87.8944 3872970
48.2765 0.395714 88.0686 4772228
48.4438 0.397086 88.0834 5006377
48.4613 0.397229 88.132 6457475
48.4942 0.397499 88.2896 5691415
48.5653 0.398082 88.6348 3232044
48.6605 0.398863 88.7712 7632017
48.6737 0.39897 88.9092 954410
49.0573 0.402114 88.9163 4771778
49.0914 0.402394 88.9681 5679849
49.2189 0.403439 89.3344 4175173
50.147 0.411047 89.55 4672439
50.6303 0.415008 89.5953 4104620
50.6493 0.415164 89.74 4181977
50.6681 0.415318 89.7973 1498877
51.1852 0.419557 90.0686 4174812
51.2135 0.419789 90.4211 6763953
51.9307 0.425667 90.6212 730981
51.9434 0.425772 90.691 4277608
51.9802 0.426073 91.1173 5680101
52.1981 0.427859 91.1174 620058
52.7089 0.432046 91.1312 4771846
52.8246 0.432995 91.2041 4172832
52.8556 0.433249 91.286 4180863
52.8622 0.433303 91.6675 3060941
52.9901 0.434351 91.6805 4177263
53.5869 0.439243 91.7538 5432069
54.2005 0.444273 91.7764 4855689
54.304 0.445121 91.7949 4181649
54.3154 0.445214 92.3024 1453933
54.3739 0.445694 92.3334 4776851
54.4577 0.446381 92.3955 5163788
54.5296 0.44697 92.5627 5353992
54.5363 0.447025 92.7982 4179566
54.5485 0.447125 92.9696 145276
54.6266 0.447765 93.2701 7330665
54.6619 0.448055 93.3364 4276948
54.6888 0.448275 93.3419 3896496
54.7069 0.448424 93.3837 6765012
54.7283 0.448599 93.4921 2497073
54.737 0.44867 93.5941 4184201
54.9058 0.450054 93.6398 7546008
54.9139 0.450121 93.6901 3232055
55.1989 0.452457 93.7377 2117786
55.2126 0.452569 93.9615 5431926
55.2231 0.452655 94.4758 4175698
55.2856 0.453167 94.7077 3897198
55.3192 0.453442 94.7697 5944033
55.3773 0.453919 94.9354 7654296
55.4162 0.454237 95.232 5682109
55.4247 0.454307 95.7672 4183919
55.4304 0.454354 96.0271 5349185
55.4563 0.454566 96.2591 7645678
55.6905 0.456486 96.3543 3959218
55.8978 0.458185 96.4541 4175281
55.9182 0.458352 96.6287 4183363
55.9316 0.458462 96.6446 3897733
55.9535 0.458642 97.1814 5574430
55.9673 0.458755 97.2903 5943524
56.0884 0.459747 97.5644 5432841
56.1169 0.459981 97.5658 3957048
56.3318 0.461743 97.625 5680005
56.4479 0.462694 98.3063 622069
56.4954 0.463084 98.3684 6849967
56.5949 0.463899 98.6911 6849951
56.6558 0.464398 98.8518 4672723
56.7308 0.465013 99.1662 4184116
56.7363 0.465058 99.1983 972097
56.7704 0.465337 100.266 6764521
56.783 0.465441 100.587 4276230
56.7972 0.465558 100.638 5574627
56.8307 0.465832 100.86 4278132
56.87 0.466154 101.048 1850540
56.9606 0.466897 101.506 5432643
56.9912 0.467148 101.645 5680002
57.1329 0.468309 101.721 3896668
57.1799 0.468695 101.959 4275950
57.195 0.468818 102.205 3957021
57.2095 0.468937 102.433 5572845
57.2633 0.469378 102.88 4174215
57.491 0.471245 103.267 5433854
57.5039 0.47135 103.376 6850132
57.5442 0.471681 103.522 5679803
57.7453 0.473329 103.611 4771936
57.7796 0.47361 104.046 4670548
57.7939 0.473727 104.226 5574414
57.9054 0.474641 104.488 5765269
57.9352 0.474885 105.054 4184021
57.9713 0.475181 105.351 5567465
57.9982 0.475402 105.39 5011633
58.2865 0.477765 106.703 4861597
58.3141 0.477991 106.862 6765344
58.4132 0.478804 106.877 3945292
58.4726 0.47929 106.887 7631185
58.4874 0.479412 107.585 4103232
58.5371 0.479819 107.668 4175319
58.5782 0.480156 109.056 5572467
58.5921 0.48027 109.229 3898176
58.8175 0.482117 109.461 5565405
58.8454 0.482346 110.501 6495933
58.8609 0.482474 110.713 3897700
58.8988 0.482784 110.732 1602676
58.9162 0.482927 111.028 5432866
58.9441 0.483155 111.179 5953996
58.9481 0.483188 111.235 4174368
58.9886 0.48352 111.614 5691933
59.1654 0.484969 111.972 3899450
59.2009 0.48526 112.118 4174766
59.3481 0.486467 112.312 4276684
59.3638 0.486595 112.765 44677
59.4202 0.487058 113.061 7645429
59.4379 0.487203 113.277 3898433
59.4501 0.487303 113.555 4665716
59.4606 0.487389 113.967 4776666
59.4674 0.487445 114.885 3229921
59.482 0.487565 115.437 5349236
59.5409 0.488047 116.098 7632120
59.5545 0.488158 117.079 3899012
59.5668 0.48826 117.486 3957019
59.5912 0.488459 118.857 31160
59.6033 0.488559 119.546 3896640
59.6574 0.489002 119.689 6767428
59.6645 0.489061 119.809 3898145
59.7409 0.489686 120.29 3939867
59.7561 0.489811 120.686 5679912
59.778 0.489991 121.09 4771465
59.8913 0.49092 121.375 1454791
59.9058 0.491038 121.544 3740729
59.9693 0.491559 121.59 6761450
59.9768 0.49162 121.612 5680292
59.9841 0.49168 121.917 3956768
60.0035 0.491839 122.442 3231719
60.0208 0.491981 123.585 4774847
60.0453 0.492181 123.634 4103834
60.1055 0.492675 124.381 3897130
60.1195 0.492789 124.59 4858012
60.1925 0.493388 125.074 3306534
60.2194 0.493608 125.206 4175687
60.2284 0.493682 125.68 6898662
60.2747 0.494062 125.764 98424
60.2966 0.494242 125.802 5573497
60.309 0.494343 126.349 4477578
60.3231 0.494458 126.707 665112
60.3352 0.494558 127.503 4275529
60.4735 0.495691 128.246 3658584
60.4818 0.495759 128.338 5354190
60.5278 0.496137 128.354 3235711
60.5518 0.496333 129.204 5943825
60.5666 0.496455 129.321 5431563
60.5844 0.4966 130.059 5680322
60.5999 0.496728 131.004 4769199
60.61 0.49681 131.133 4771429
60.6291 0.496967 131.582 3957376
60.6375 0.497036 132.615 6850074
60.6535 0.497167 133.985 3896583
60.6875 0.497446 135.742 4175278
60.7463 0.497927 136.131 4391372
60.7602 0.498042 137.915 4771209
60.7742 0.498156 138.217 3740871
60.8065 0.498421 140.427 3897129
60.814 0.498483 143.649 4277914
60.8204 0.498535 143.767 3895621
60.834 0.498646 144.042 4277824
60.8439 0.498728 147.568 3739704
60.8548 0.498817 148.022 5433447
60.8759 0.49899 149.804 3740191
60.8906 0.49911 149.91 3890408
60.947 0.499572 151.514 7461971
60.9808 0.49985 153.506 5574558
60.9871 0.499901 155.264 4175769
60.9973 0.499985 158.643 1915942
61.0086 0.500078 159.795 2058113
61.021 0.500179 162.949 3901927
61.028 0.500237 163.609 3740584
61.0696 0.500577 165.214 3986266
61.0929 0.500769 171.294 3740798
61.1187 0.50098 171.874 3740872
61.1418 0.50117 174.439 1999971
61.1551 0.501279 176.915 5453601
61.1621 0.501336 177.225 62550
61.1738 0.501432 179.154 7483831
61.1892 0.501558 180.186 2040145
61.2024 0.501666 180.522 1999979
61.2193 0.501805 181.022 3739825
61.2266 0.501864 182.358 6273992
61.3328 0.502735 182.813 722530
61.3489 0.502867 185.74 3889817
61.4556 0.503742 186.835 3850063
61.4744 0.503896 187.478 3929005
61.5025 0.504126 187.999 6272998
61.6059 0.504973 188.933 3841015
61.6231 0.505115 190.348 1118931
61.6302 0.505172 193.298 5432188
61.6399 0.505252 193.759 1915646
61.6478 0.505317 194.141 224553
61.681 0.505589 194.696 1290252
61.7702 0.50632 195.744 3907672
66.8451 0.547918 195.755 1489586
66.9013 0.548379 195.791 7324622
66.9084 0.548437 196.277 3890185
67.5201 0.553451 197.35 3770290
67.5337 0.553562 197.737 1913649
67.5641 0.553812 198.299 1916941
69.1618 0.566908 199.182 3769928
69.7615 0.571824 199.394 3908886
69.7812 0.571985 199.588 3740761
69.8145 0.572258 200.482 1578023
69.8223 0.572322 202.464 2086185
69.8303 0.572387 202.744 1665291
69.8425 0.572488 204.487 4770871
69.8613 0.572642 206.337 1722736
69.8671 0.572689 206.352 3414686
70.4725 0.577651 206.829 3770237
70.4786 0.577702 207.102 6400762
70.5023 0.577896 207.504 6741421
73.3433 0.601183 207.651 3908604
73.3498 0.601237 207.994 6246756
73.6792 0.603936 208.183 6407459
73.6953 0.604068 208.597 2900841
74.4517 0.610268 208.672 3907880
74.4779 0.610483 209.141 3740716
74.5081 0.610731 209.219 7810871
74.5336 0.61094 209.372 1580842
74.5513 0.611085 209.808 7544913
75.7865 0.62121 210.438 3770369
75.8169 0.621459 211.154 4187796
75.8579 0.621795 211.351 3885098
76.3303 0.625667 211.638 1489446
76.342 0.625763 211.907 7533592
76.3712 0.626003 212.405 1424264
77.9436 0.638891 212.93 3770297
81.5685 0.668604 213.119 1490579
81.5794 0.668693 213.857 7771219
81.613 0.668968 214.961 3885023
81.6266 0.66908 215.396 7801708
81.7303 0.66993 215.937 1490106
81.7639 0.670205 216.095 4323035
81.8229 0.670689 216.357 7037130
81.8498 0.670909 216.518 3930397
81.8574 0.670972 217.682 4575100
81.9054 0.671365 217.817 3908534
82.1925 0.673719 217.856 3908885
83.6537 0.685696 217.964 1489573
83.6939 0.686026 218.307 441812
84.6428 0.693803 218.371 3740560
84.6868 0.694164 218.616 6406378
84.7472 0.694659 219.223 1723945
84.8119 0.695189 219.23 1971021
85.4828 0.700689 221.618 7117306
85.5819 0.701501 222.932 5655967
85.597 0.701625 223.569 3277464
86.1271 0.70597 223.575 6303565
86.3365 0.707687 223.593 4613129
86.5139 0.70914 224.055 4126023
86.5369 0.709329 224.33 1967832
86.552 0.709452 224.986 6888089
86.6191 0.710003 225.427 64304
86.6281 0.710077 227.002 5012278
86.6368 0.710148 227.011 3896043
86.6545 0.710293 227.419 3840698
86.722 0.710846 227.421 7264220
86.7717 0.711254 227.492 3740591
86.792 0.71142 227.531 1851124
89.1437 0.730696 227.838 1971059
89.1599 0.730829 227.848 7323268
89.3206 0.732146 228.115 2109630
90.108 0.738601 228.208 3771053
90.1538 0.738976 228.53 6513834
90.5592 0.742299 229.41 7454084
90.5805 0.742474 230.05 3986520
90.6157 0.742762 230.634 1914897
90.6511 0.743052 231.131 4120133
90.6619 0.743141 231.266 7179580
90.6894 0.743367 231.297 64293
90.752 0.74388 231.598 7602085
90.8202 0.744438 231.924 3740103
90.854 0.744716 233.023 4068981
90.9299 0.745337 233.196 1999721
90.9482 0.745488 233.414 1786326
90.9654 0.745629 233.806 3986467
92.0719 0.754698 233.879 6349190
92.167 0.755478 233.915 7344392
92.2406 0.756081 234.382 1789279
92.3687 0.757131 234.42 3770109
92.4296 0.757631 234.516 324376
92.4412 0.757726 235.287 4355400
92.4605 0.757884 235.807 3987447
92.8513 0.761087 235.99 8018025
92.8783 0.761308 236.399 3052062
92.9189 0.761641 236.828 3906471
95.0113 0.778793 236.902 119521
95.1093 0.779596 237.045 1370037
95.1218 0.779698 238.247 3849434
95.6768 0.784247 238.367 3908793
95.7258 0.784649 238.496 3770654
95.836 0.785553 238.781 1186647
95.8858 0.785961 239.171 6273149
96.2657 0.789075 239.401 3848579
96.3341 0.789635 239.949 3740202
96.3628 0.78987 240.73 2747045
96.7049 0.792674 240.83 3891560
96.7242 0.792833 241.809 7484378
96.7485 0.793032 242.308 2002794
96.8413 0.793793 243.281 1916008
97.4859 0.799076 244.46 1906816
97.5202 0.799358 244.648 7284304
97.6422 0.800357 245.006 3908223
97.6618 0.800518 245.032 6404528
97.6793 0.800661 245.049 101715
97.7088 0.800904 245.244 1916755
99.9518 0.819289 245.332 3885736
100.968 0.82762 246.064 2058078
100.992 0.827817 246.871 3844366
101.309 0.830414 247.147 5656262
103.444 0.84791 247.37 4119615
103.46 0.848045 247.618 229982
105.521 0.864942 247.737 3907977
105.742 0.86675 247.949 224615
105.793 0.867171 248.072 3512198
105.809 0.867295 248.82 1425032
105.826 0.867436 249.13 7532430
105.84 0.86755 249.145 3740615
105.889 0.867958 250.786 4708573
105.901 0.868055 250.96 6312171
105.929 0.868285 251.204 2059684
106.033 0.869139 251.558 3770086
106.061 0.869364 251.772 3893340
106.1 0.869684 252.035 6139762
106.109 0.869754 252.296 3740504
106.156 0.870144 253.1 3740717
106.2 0.870503 253.501 4123851
106.218 0.87065 253.667 3885379
106.25 0.870911 254.085 4787898
106.331 0.871575 254.494 3861037
106.41 0.872225 254.825 3052978
106.434 0.872425 255.715 4191715
106.521 0.873137 256.249 1725065
106.54 0.873294 256.596 4827683
106.75 0.87501 258.428 5225803
106.774 0.875209 258.765 3990806
106.832 0.875688 259.055 3845793
106.839 0.875744 259.433 2109995
107.095 0.877843 259.655 6139137
107.122 0.878065 259.682 7517412
107.145 0.878251 259.915 4488543
107.216 0.878831 261.432 3906749
107.496 0.881124 261.498 2001445
107.511 0.881249 262.214 6273148
108.488 0.889255 263.331 1845252
108.819 0.891968 263.505 3908338
108.921 0.892806 263.942 3885611
109.163 0.894794 264.384 4193088
109.178 0.894914 264.591 3739933
109.318 0.896063 265.35 1023166
110.216 0.903419 265.767 4190110
110.227 0.903511 266.908 7334398
110.318 0.904256 268.049 4704459
110.326 0.904322 268.754 3740636
110.341 0.904448 268.861 1684955
110.354 0.904557 268.94 4121425
110.556 0.90621 269.131 1490740
110.719 0.907548 269.465 4191889
110.737 0.907692 269.638 3986646
110.768 0.907946 270.172 3690051
110.781 0.908053 270.461 5943783
110.859 0.908693 270.559 3907870
111.648 0.915164 270.941 3908336
111.699 0.915575 272.28 7385948
111.886 0.917115 272.458 4120187
111.905 0.917267 272.643 1909766
111.935 0.917509 274.372 197007
111.957 0.917692 274.604 1999743
112.04 0.918375 274.711 2001401
112.281 0.920345 275.079 7510561
112.583 0.922823 275.287 3769989
112.604 0.922994 275.419 2010537
112.661 0.923466 275.869 2043519
112.75 0.92419 276.134 3885594
112.839 0.924926 276.715 5357928
112.848 0.924996 276.838 3741142
112.903 0.925451 277.753 7770793
112.949 0.925824 277.85 1343334
112.984 0.926112 278.215 1790112
113.021 0.926418 278.75 1815484
113.248 0.928279 278.956 3770281
113.28 0.92854 279.065 1968212
113.317 0.928838 279.482 7482441
113.329 0.928936 279.814 1722690
113.336 0.928996 280.11 3851203
113.345 0.929067 280.202 1908538
113.447 0.929905 280.202 5694972
113.704 0.932016 280.607 7116870
113.755 0.932429 280.891 7119455
113.767 0.932528 280.985 1787714
113.779 0.93263 281.427 1908070
113.865 0.933335 281.668 1136465
113.92 0.933786 281.904 1725567
113.931 0.933873 282.22 3740295
113.983 0.934301 282.24 3740697
114.385 0.937592 282.258 7516542
114.397 0.937696 283.344 2348343
114.412 0.937817 283.657 68164
114.652 0.939787 283.968 3770299
114.676 0.939983 284.48 2001567
114.754 0.940621 284.606 224938
114.84 0.941328 284.675 243143
114.958 0.94229 285.11 7318278
115.068 0.943196 286.986 3771048
115.085 0.943329 287.666 6140986
115.5 0.946737 287.979 187198
115.509 0.94681 288.06 3894293
115.527 0.946954 288.47 3740345
115.582 0.947408 289.18 3908476
115.641 0.947893 289.517 3986197
115.688 0.948274 289.523 1908356
115.711 0.948466 289.644 7425878
116.187 0.952366 290.319 4191400
116.233 0.95274 290.493 6408452
116.245 0.95284 292.457 3739814
116.258 0.952948 293.368 7601246
116.666 0.956294 293.639 3887416
116.675 0.95637 293.942 7517598
116.69 0.956488 294.839 3736054
116.7 0.956569 296.525 3890632
116.94 0.95854 296.54 7771098
116.966 0.95875 298.802 2381082
116.993 0.958972 299.457 3740588
117.023 0.959221 300.29 3740344
117.037 0.959333 302.269 4189444
117.044 0.959392 302.63 6742012
117.16 0.960338 303.046 1537852
117.199 0.960659 303.554 1276520
117.219 0.960824 303.584 3280360
117.99 0.967147 303.95 2258306
118.064 0.967748 304.254 88046
118.087 0.967937 304.359 1999865
118.166 0.968584 305.325 2508599
118.21 0.96895 305.384 3843780
118.326 0.9699 305.65 3740515
118.37 0.970263 306.067 3908602
118.516 0.971453 307.206 4191042
118.573 0.971927 307.385 4192456
118.869 0.974352 308.378 1849242
118.921 0.974777 308.585 3768349
118.947 0.974989 308.909 4733879
118.971 0.975185 309.428 3772115
119.008 0.975488 311.243 3908112
119.046 0.975798 311.868 3740915
119.077 0.976054 312.145 7531650
119.094 0.976198 312.204 737863
119.113 0.976346 312.769 3740466
119.15 0.976654 313.164 3055950
119.241 0.977395 313.473 2001836
119.338 0.978197 313.482 4736421
119.381 0.978548 316.784 4224241
119.408 0.97877 318.363 7426435
119.42 0.978869 320.229 1999942
119.451 0.979122 320.685 4535986
119.465 0.979236 320.72 7524148
119.497 0.979496 320.936 5985849
119.55 0.979929 321.193 4187445
119.693 0.981106 321.375 2001436
119.722 0.981339 323.508 1276611
119.813 0.982088 324.143 2044269
119.867 0.982534 325.801 7572300
119.881 0.982649 326.229 1907592
119.969 0.983365 329.333 7534057
119.977 0.983433 330.277 3739877
120.028 0.983847 330.347 1906692
120.051 0.984038 330.656 3849579
120.143 0.984794 331.293 4070526
120.296 0.986046 332.929 4820325
120.336 0.986376 333.064 7453753
120.407 0.986959 333.945 3891720
120.456 0.987357 334.652 3769526
120.518 0.987864 334.721 6748188
120.574 0.988326 335.161 3739129
120.62 0.988702 335.693 1370038
120.696 0.989327 336.402 6581883
120.729 0.989594 336.825 3842908
120.784 0.990051 337.542 1723946
120.794 0.990127 340.097 3770287
120.815 0.990298 340.304 3740590
120.863 0.990695 341.41 3739205
120.879 0.990828 343.36 3859331
120.911 0.99109 343.869 3770980
120.963 0.991515 344.767 4574986
121.021 0.991992 345.824 1967731
121.038 0.992126 349.35 7459964
121.048 0.992208 351.142 1939100
121.218 0.993607 351.43 1851220
121.242 0.993797 351.619 3740610
121.255 0.993906 354.555 197820
121.309 0.994349 355.797 3740236
121.34 0.994604 357.892 7284038
121.342 0.994624 358.217 6102373
121.36 0.994769 360.26 3386551
121.37 0.994853 362.266 1789409
121.385 0.994976 363.39 387538
121.39 0.995018 363.894 3740479
121.41 0.995179 364.648 1971060
121.414 0.99521 368.092 3739346
121.426 0.99531 369.281 2510559
121.447 0.995485 369.357 3767932
121.492 0.995852 369.543 1906075
121.5 0.995914 371.751 2058249
121.521 0.996088 374.184 4068350
121.641 0.997074 374.996 3740916
121.653 0.997166 375.254 3891721
121.708 0.997622 377.47 3739209
121.723 0.997744 380.876 3772602
121.735 0.997842 381.81 1907879
121.743 0.997909 382.331 2041363
121.765 0.998091 393.029 4006159
121.817 0.998511 393.509 4574203
121.838 0.998684 399.705 4067521
121.85 0.998787 405.974 1785460
121.862 0.998885 410.742 3886738
121.884 0.99906 411.576 1580110
121.907 0.999252 423.934 2058356
121.916 0.999328 429.393 5656718
121.932 0.999458 438.147 3907996
121.945 0.999565 439.23 1723249
121.962 0.999705 447.917 4576642
121.969 0.999757 450.069 7515765
121.983 0.999877 458.531 3055875
121.994 0.999965 483.332 1850508
121.998 1 531.434 1665001
