Unknown 4 719 719 719 719 float/unsigned
CumulativeMeasure | CDF | Dose | TetraID
0.00785192 6.43609e-05 40.5925 2086185
0.0236469 0.000193829 46.8694 1531434
0.0348185 0.000285402 66.7361 3891721
0.0447232 0.000366589 71.2618 3890632
0.0595975 0.000488511 74.1466 4103232
0.065962 0.00054068 81.1063 3895621
0.0759058 0.000622187 96.8539 3231553
0.0828525 0.000679128 105.258 62550
0.0987197 0.000809189 106.121 3377587
0.11413 0.000935504 106.217 880374
0.124328 0.0010191 106.25 1915942
0.136978 0.00112278 112.551 3231668
0.148582 0.0012179 112.752 4355400
0.155906 0.00127793 116.603 3851203
0.177364 0.00145383 117.768 4858024
0.192477 0.0015777 118.582 6888089
0.208603 0.00170989 122.587 5433634
0.224646 0.00184138 124.179 3889817
0.233366 0.00191286 125.217 4184201
0.239246 0.00196106 125.991 3232155
0.243083 0.00199251 127.598 3192809
0.248802 0.00203939 128.388 5349185
0.266484 0.00218432 130.04 7544913
0.271523 0.00222563 131.873 3740479
0.286162 0.00234562 136.452 5349236
0.303354 0.00248655 136.569 3986467
0.310846 0.00254796 136.894 5680292
0.339255 0.00278082 139.709 1276611
0.353707 0.00289927 139.948 3740729
0.384935 0.00315525 140.625 7531650
0.435687 0.00357125 140.741 4862410
0.459162 0.00376368 140.972 7425878
0.469222 0.00384613 144.574 4771429
0.475979 0.00390152 145.515 3229921
0.483663 0.0039645 147.91 5544949
0.524751 0.00430129 150.598 5572467
0.640622 0.00525107 150.939 3740515
0.711764 0.00583421 150.962 3891720
0.751425 0.00615931 151.057 663933
0.778359 0.00638008 151.335 5011633
0.790718 0.00648139 151.427 4477578
0.799956 0.0065571 152.426 5656718
0.815466 0.00668424 153.599 4183948
0.824514 0.00675841 155.176 6898662
0.839451 0.00688084 155.745 3772602
0.93017 0.00762445 155.885 4178895
0.980611 0.0080379 157.423 7119455
1.00197 0.00821294 158.252 4182803
1.00777 0.0082605 158.514 3414686
1.01824 0.00834637 159.734 4175698
1.03313 0.00846842 160.49 3232287
1.05883 0.00867909 160.585 7887338
1.06882 0.00876092 162.088 1939100
1.21519 0.00996069 162.819 6352497
1.2273 0.01006 163.166 3896640
1.23128 0.0100926 164.05 4174368
1.25822 0.0103134 164.756 3896496
1.29754 0.0106357 167.06 1850540
1.30942 0.0107331 168.818 6312171
1.32372 0.0108503 168.915 5574414
1.33193 0.0109176 169.927 2041363
1.34883 0.0110561 170.501 3739825
1.44507 0.011845 170.643 7030731
1.58669 0.0130058 170.788 3896668
1.6656 0.0136527 170.788 4104874
5.11585 0.0419338 171.103 7642221
7.9359 0.0650492 171.145 4572376
7.95383 0.0651962 171.47 3885379
7.97698 0.065386 171.914 1999971
7.99061 0.0654977 171.955 4277824
8.04032 0.0659051 172.037 4708573
8.05282 0.0660077 172.222 3849434
8.06507 0.066108 172.263 4770871
8.07149 0.0661606 173.141 7515765
11.852 0.0971485 173.767 3229793
12.0669 0.0989101 173.769 5680005
12.0807 0.0990239 174.333 3898176
17.1582 0.140643 174.617 3898379
19.3142 0.158315 174.976 4771304
19.3283 0.158431 175.03 665112
19.3872 0.158914 175.161 5431724
20.1436 0.165114 175.972 3907880
22.9846 0.188401 176.13 3908604
23.0208 0.188698 176.482 5567465
23.0305 0.188777 176.817 1915646
28.1054 0.230376 177.566 1489586
28.1128 0.230436 178.159 3956768
28.1211 0.230504 178.232 3739877
28.2133 0.23126 178.315 621345
28.2852 0.231849 178.532 5353992
31.6495 0.259426 178.807 5574486
35.2744 0.289139 178.974 1490579
35.2892 0.28926 179.047 4854631
35.886 0.294152 179.079 5432069
35.8997 0.294264 180.281 4858236
36.5114 0.299278 180.326 3770290
36.5273 0.299408 181.004 3896583
36.5414 0.299524 181.631 4183194
36.607 0.300062 182.076 7646202
36.6649 0.300536 182.206 4192456
37.0847 0.303978 182.573 7632286
40.6299 0.333037 182.618 3897603
40.6456 0.333165 182.756 44677
40.8911 0.335177 182.951 4183365
41.4455 0.339722 183.156 3897801
43.5379 0.356873 183.21 119521
43.5516 0.356985 183.225 4189444
44.6581 0.366055 183.42 6349190
44.9378 0.368347 183.467 2001445
44.9689 0.368602 183.529 7284038
45.0711 0.36944 183.739 3885611
45.161 0.370177 183.849 5357928
45.1842 0.370368 184.052 4355721
45.2117 0.370593 184.194 5682858
45.2276 0.370723 184.21 3907996
45.833 0.375686 184.297 3770237
45.847 0.3758 184.975 3740615
46.8716 0.384199 185.114 5680234
46.8792 0.384261 185.2 2058249
47.8559 0.392267 185.306 1845252
47.8915 0.392558 185.398 4174766
47.9134 0.392738 185.686 5573497
49.3362 0.404401 185.734 5433212
49.3747 0.404716 185.846 6849428
50.9724 0.417812 185.936 3769928
51.9212 0.42559 186.06 3740560
51.9553 0.425869 186.123 4175278
52.0289 0.426472 186.153 1789279
52.1869 0.427767 186.245 7632125
52.8005 0.432797 186.247 4855689
52.8166 0.432929 186.401 2900841
52.8343 0.433074 186.933 3840698
52.9073 0.433673 187.051 3306534
53.5785 0.439174 187.394 5574732
53.6289 0.439587 187.546 3957254
53.6463 0.43973 187.612 3897830
53.6651 0.439884 187.91 1498877
53.6987 0.44016 188.268 4178216
53.7173 0.440311 188.577 5680321
53.7318 0.44043 189.151 5572845
53.7537 0.44061 189.151 5574430
53.7793 0.44082 189.285 2381082
53.8533 0.441427 189.36 16991
53.8714 0.441575 189.48 6765012
55.3325 0.453552 189.746 1489573
57.467 0.471047 189.938 4119615
57.4988 0.471308 190.006 4787898
58.5152 0.479639 190.082 2058078
59.0453 0.483985 190.135 6303565
59.1287 0.484668 190.205 2001401
59.1484 0.484829 190.761 3740761
59.1771 0.485065 190.85 2747045
61.6312 0.505181 190.951 4104133
61.6592 0.50541 191.242 6495933
62.9825 0.516257 191.314 1532774
63.0047 0.516439 191.446 4779764
63.0145 0.516519 191.711 3898412
63.0303 0.516649 191.711 3231558
63.5184 0.52065 191.888 6767441
63.5867 0.52121 192.204 3897650
65.1591 0.534098 192.321 3770297
65.2993 0.535247 192.463 1023166
65.3664 0.535798 192.617 64304
65.3901 0.535992 192.646 4669270
66.6253 0.546116 192.835 3770369
66.6838 0.546596 193.044 4776851
66.7253 0.546936 193.081 6842996
67.6227 0.554292 193.411 4190110
67.6642 0.554633 193.814 3986266
67.719 0.555081 194.113 6850390
69.9619 0.573466 194.399 3885736
69.9696 0.573529 195.039 4575100
70.168 0.575155 195.112 5574387
70.6404 0.579027 195.325 1489446
70.7022 0.579534 195.51 6748188
71.4896 0.585989 195.764 3771053
71.9033 0.589379 195.807 3898118
72.503 0.594295 195.981 3908886
72.5216 0.594448 196.318 1909766
74.8733 0.613724 196.438 1971059
74.8909 0.613868 196.572 3986646
76.9522 0.630765 197.249 3907977
76.9646 0.630866 197.403 1908070
77.0396 0.631481 197.405 4184116
77.0949 0.631934 198.4 5007663
77.1294 0.632217 199.227 4177168
77.1526 0.632407 199.371 3740610
77.2285 0.633029 199.605 1999721
77.2556 0.633251 199.98 7517412
77.2642 0.633322 200.02 1908538
77.3128 0.63372 200.077 3769526
77.9193 0.638692 200.109 5910133
77.9323 0.638798 200.146 1723249
77.9406 0.638866 200.154 5680580
78.148 0.640566 200.253 4175281
78.9374 0.647037 200.505 3908336
78.9625 0.647243 200.837 5680506
78.9929 0.647492 200.849 3740344
79.0739 0.648156 200.938 3861037
79.152 0.648796 200.963 3957306
79.1798 0.649023 201.101 6939639
80.3143 0.658323 201.158 4179434
80.3863 0.658913 201.488 4182726
80.6681 0.661223 201.788 3231460
80.7415 0.661825 201.933 88046
80.7547 0.661933 201.976 7601246
80.9321 0.663387 202.156 4126023
81.1089 0.664836 202.186 3899450
81.1427 0.665114 202.278 4068981
81.8599 0.670992 202.296 730981
81.9143 0.671438 202.345 7572300
81.9449 0.671689 202.435 5680002
81.9814 0.671988 202.573 3901266
82.0608 0.672639 202.631 3052978
82.1164 0.673094 202.995 3739209
82.1393 0.673283 203.056 4175699
83.0675 0.68089 203.29 4672439
83.1013 0.681168 203.544 5574558
83.2288 0.682213 203.636 4175173
83.2511 0.682395 203.69 1999743
83.2609 0.682476 203.769 6849974
83.9319 0.687976 203.817 7117306
83.9928 0.688475 203.899 324376
84.28 0.690829 204.017 3908885
84.3104 0.691078 204.133 4187796
84.3568 0.691459 204.464 1908356
84.765 0.694804 204.606 3887416
84.7769 0.694902 204.866 3886738
84.9863 0.696619 204.893 4613129
85.0427 0.697081 204.9 7645429
85.138 0.697862 204.912 7632017
85.3783 0.699832 205.04 3770299
85.4134 0.70012 205.082 1914897
85.5057 0.700876 205.274 4070526
85.5365 0.701129 205.359 6850109
86.4146 0.708326 205.579 2117767
86.4278 0.708434 205.623 197820
87.0822 0.713798 205.841 3955600
87.1152 0.714068 206.047 5691415
87.1354 0.714235 206.299 1851124
87.4648 0.716934 206.528 6407459
87.4718 0.716992 206.536 5432188
87.4851 0.717101 206.882 5453601
87.4987 0.717212 207.039 3899012
87.6055 0.718088 207.076 3850063
87.6267 0.718262 207.214 4068350
87.651 0.718461 207.547 4191715
87.6687 0.718606 207.628 7151496
87.6868 0.718754 207.698 3740466
87.7032 0.718889 207.735 229982
87.9882 0.721225 207.798 2117786
88.404 0.724633 208.199 187198
88.6466 0.726622 208.49 4193088
88.7335 0.727334 208.566 1725065
88.8968 0.728672 208.648 4191889
88.9374 0.729005 209.038 3906471
89.032 0.729781 209.112 4018808
89.6765 0.735064 209.512 1906816
89.6916 0.735187 209.768 3277464
89.8384 0.73639 209.857 3896279
89.8868 0.736787 210.206 3739205
89.9198 0.737058 210.292 5679913
90.5928 0.742575 210.348 6849743
90.6842 0.743324 210.605 2044269
90.6915 0.743383 210.717 6742012
91.4628 0.749706 210.786 2258306
91.5057 0.750057 210.962 4224241
91.5167 0.750147 211.057 6849755
91.6158 0.75096 211.367 5655967
91.6285 0.751064 211.673 2348343
91.9707 0.753868 211.735 3891560
92.2589 0.756231 211.763 4861597
92.486 0.758093 211.962 3770281
92.5622 0.758717 212.345 6581883
92.6155 0.759154 212.452 6237667
92.7515 0.760269 212.469 5574318
92.807 0.760724 212.498 7770793
92.8241 0.760864 212.766 4576642
92.8452 0.761036 212.778 7820300
92.9133 0.761595 212.933 3740103
93.0174 0.762448 212.969 3770086
93.5007 0.766409 213.087 4104620
93.5138 0.766517 213.116 954410
93.6842 0.767914 213.228 3897993
93.7793 0.768694 213.244 7344392
93.7898 0.768779 213.29 5764413
94.0301 0.770749 213.335 7510561
94.3259 0.773174 213.574 1849242
94.3473 0.773349 213.714 3767932
94.3742 0.773569 214.357 3930397
94.885 0.777756 214.652 4771846
94.9369 0.778182 214.717 3768349
94.9565 0.778343 214.856 1971060
94.987 0.778593 215.041 1916941
95.0704 0.779276 215.161 5431925
95.0924 0.779456 215.219 4771465
95.1063 0.779571 215.287 7524148
95.6234 0.783809 215.375 4174812
95.8697 0.785828 215.4 7258310
96.079 0.787544 215.441 5225803
96.1672 0.788267 215.535 3885594
96.2254 0.788743 216.318 7654296
96.2709 0.789117 216.444 1343334
96.7683 0.793194 216.667 3900481
96.8271 0.793676 216.708 7632120
97.1236 0.796106 216.873 4856059
97.3474 0.79794 216.903 4175479
97.5679 0.799748 216.948 224615
97.5891 0.799922 217.224 3740191
97.5999 0.80001 217.234 5433447
97.6332 0.800283 217.494 1578023
97.8674 0.802203 217.553 3959218
98.1234 0.804301 217.662 6139137
98.1821 0.804782 217.862 4391372
98.1897 0.804844 217.898 4277914
98.2032 0.804955 217.959 6849657
98.5342 0.807668 218.13 3908338
98.7015 0.80904 218.75 5006377
98.8896 0.810582 218.781 5432698
99.2979 0.813929 218.811 5433239
99.5283 0.815817 218.965 4182371
99.8305 0.818294 219.081 3769989
99.9408 0.819198 219.22 1186647
100.019 0.819839 219.517 3907870
100.135 0.82079 219.589 622069
100.296 0.822107 219.781 2109630
100.308 0.822207 219.86 4175688
100.488 0.823679 220.067 6996395
100.496 0.823752 220.23 3894293
100.876 0.826866 220.682 3848579
100.903 0.827082 221.095 2382004
100.929 0.827297 221.398 3740716
100.988 0.827783 221.603 7631185
101.065 0.828409 221.64 3939867
101.119 0.828853 222.192 3740236
101.141 0.829035 222.297 4006159
101.252 0.829949 222.344 5765269
101.262 0.830032 222.372 6559114
101.312 0.830442 222.705 3902840
101.352 0.830765 222.842 5680285
101.49 0.831899 222.843 3658584
101.502 0.831997 222.936 1787714
101.525 0.832182 222.966 7550729
101.75 0.83403 223.122 5565405
101.766 0.834157 223.162 3897700
101.865 0.834973 223.235 6849951
101.959 0.83574 223.482 6849438
101.966 0.835802 223.803 3899099
102.224 0.837913 223.905 7116870
102.244 0.83808 224.231 4183363
102.313 0.838641 224.24 3740202
102.346 0.838916 224.298 4323035
102.382 0.83921 224.364 4175522
102.937 0.843759 224.416 3908793
102.974 0.84406 224.748 5489673
103.116 0.845224 224.807 5680127
103.132 0.845357 225.213 7150627
103.838 0.851142 225.269 812361
104.229 0.854346 225.312 8018025
104.344 0.855291 225.593 1537852
104.422 0.855929 225.819 224938
104.435 0.856034 225.922 6850132
104.541 0.856905 226.054 722530
104.644 0.857753 226.172 3841015
104.703 0.858232 226.173 3845793
104.743 0.858562 226.329 7453753
104.787 0.858926 226.557 5573928
104.828 0.859257 226.752 5679803
104.912 0.85995 226.893 4858290
104.921 0.860017 227.244 3232055
104.935 0.860131 227.4 4771209
105.024 0.860862 227.412 3907672
105.041 0.861004 227.724 4774847
105.053 0.861104 227.79 2510559
105.085 0.861365 227.947 1968212
105.092 0.861419 228.002 6246756
105.104 0.861523 228.168 4277608
105.225 0.862515 228.223 5432841
105.36 0.863616 228.704 4864300
105.405 0.863986 228.994 3901501
105.574 0.865369 229.287 7546008
105.585 0.865466 229.31 7533592
105.696 0.866372 229.466 3771048
105.75 0.866815 229.907 6767428
105.781 0.867072 230.227 5432742
105.804 0.867258 230.235 4488543
106.006 0.868911 230.624 1490740
106.129 0.869919 230.95 6850391
106.528 0.873195 231.018 3544219
106.583 0.873646 231.023 1725567
106.599 0.87377 231.045 5679912
106.62 0.873943 231.169 4754062
106.723 0.874791 231.252 4181649
106.747 0.874985 231.366 6741421
106.791 0.875351 231.544 3843780
106.991 0.876989 231.578 4774896
107.132 0.878146 232.015 6479348
107.196 0.878666 232.137 6761450
107.255 0.879152 232.261 3986197
107.27 0.879273 232.377 68164
107.653 0.882417 233.31 4771778
107.666 0.882519 233.534 3957019
108.142 0.886418 233.599 4191400
108.173 0.886673 233.741 3690051
108.263 0.887415 233.919 5432643
108.351 0.888131 233.983 7534057
108.403 0.888564 234.209 4187445
108.425 0.88874 234.347 1580110
108.519 0.889509 234.442 5345878
108.543 0.88971 234.442 4103834
108.671 0.890757 234.577 1762207
108.799 0.891806 234.874 4177263
108.809 0.891892 234.942 5765452
108.819 0.891968 234.948 3770287
108.836 0.89211 235.026 1118931
108.839 0.892138 235.139 5680320
109.143 0.894625 235.174 6959402
109.23 0.895339 235.431 5574411
109.241 0.895429 235.469 5219513
109.253 0.895528 235.558 1722690
109.658 0.89885 235.715 7454084
109.715 0.899312 235.974 7461971
109.76 0.899687 236.116 6408452
109.779 0.899844 236.127 4827683
109.836 0.900306 236.216 3739129
109.862 0.900521 236.448 3804160
109.888 0.900731 236.454 1580842
109.937 0.901138 236.966 4175319
110.035 0.901939 237.176 4736421
110.1 0.902469 237.216 1971021
110.123 0.902658 237.252 5680294
110.151 0.90289 237.371 6763953
110.279 0.90394 237.46 3770109
110.35 0.90452 237.676 3906749
110.41 0.90501 238.375 3232847
110.637 0.906877 238.377 5433854
110.675 0.907187 238.611 3740915
110.793 0.908149 238.809 7318278
110.915 0.909149 239.042 3908223
110.99 0.909768 239.074 6994587
111.013 0.909956 239.9 1967832
111.069 0.910416 240.032 7324622
111.186 0.911377 240.099 3229962
111.247 0.911876 240.173 4672723
111.278 0.91213 240.258 4180863
111.325 0.912516 240.505 4275950
111.416 0.913261 240.561 4704459
111.479 0.913774 240.583 3897198
111.626 0.91498 240.931 4276684
111.827 0.916628 241.007 4771936
111.853 0.916844 241.096 3898627
111.891 0.917154 241.183 1602676
111.912 0.917327 241.672 4067521
111.923 0.917413 242.076 4776666
111.99 0.917967 242.109 7264220
112.016 0.918179 242.328 4733879
112.031 0.918299 242.41 4771801
112.219 0.919839 242.729 4120187
112.354 0.920944 242.912 5574480
112.362 0.921012 243.133 5354190
112.392 0.92126 243.399 7810871
112.409 0.921397 243.71 3231800
112.435 0.921608 244.263 3740872
112.51 0.922223 244.422 4104166
112.547 0.922531 244.935 3055950
112.563 0.922661 245.459 3734185
112.576 0.922767 245.55 5943783
112.589 0.922877 245.551 3897733
112.605 0.923001 245.582 1425032
112.613 0.923067 245.862 3740636
112.628 0.923195 246.308 4769199
112.688 0.923688 246.487 3897130
112.734 0.924064 246.52 6513834
112.905 0.925463 246.52 1851220
112.991 0.926169 246.744 243143
112.999 0.926236 247.119 3897500
113.09 0.926978 247.227 2001836
113.192 0.927816 247.394 5694972
113.225 0.928083 247.532 3842908
113.304 0.92873 247.964 2508599
113.317 0.928842 247.965 5431926
113.354 0.929142 248.08 3897412
113.411 0.929614 248.308 2043519
113.504 0.930375 248.355 1916008
113.511 0.930433 248.521 3740584
113.566 0.930885 248.619 3872970
113.581 0.931003 249.965 3736054
113.665 0.93169 250.266 5163788
113.703 0.932008 250.597 5682109
113.713 0.932084 250.776 7517598
113.757 0.932444 250.954 4123851
113.774 0.932589 250.986 5680505
113.792 0.932735 251.261 5680322
113.816 0.932927 251.372 2058356
114.217 0.936218 251.658 7516542
114.275 0.936694 251.815 1967731
114.282 0.936754 251.849 6273992
114.435 0.938005 251.998 4820325
114.468 0.938279 252.079 5433448
114.547 0.93892 253.238 7330665
114.561 0.93904 253.298 3739933
114.614 0.939469 253.411 3740697
114.665 0.93989 253.497 3512198
114.679 0.940007 254.598 5574627
114.725 0.940383 255.037 1370038
114.788 0.940896 255.637 7602085
114.802 0.941011 255.637 3740871
114.825 0.941201 256.751 5605172
114.881 0.941658 256.776 1723946
114.966 0.94236 256.857 5574409
114.981 0.94248 256.949 3055875
115.009 0.942714 257.03 3957048
115.027 0.942858 257.337 3740345
115.044 0.942997 257.645 4523609
115.092 0.943386 258.03 3740717
115.143 0.943812 258.113 4574986
115.361 0.945598 258.2 620058
115.388 0.94582 258.22 7426435
115.418 0.946062 258.762 197007
115.452 0.946338 258.848 3885023
115.471 0.946498 258.979 7631892
115.49 0.946654 259.602 4181977
115.502 0.946747 259.756 2058113
115.508 0.9468 259.952 3060941
115.554 0.94718 260.189 98424
115.594 0.947504 260.622 4104639
115.618 0.947701 260.672 5943825
115.666 0.948094 260.678 3908534
115.809 0.949271 260.871 2001436
115.839 0.949514 260.915 1916755
115.846 0.949572 261.087 3898145
115.865 0.949726 261.726 1722736
115.993 0.950776 261.845 5680293
116.039 0.951153 261.928 3235711
116.06 0.951328 262.053 2497073
116.075 0.95145 262.251 2117768
116.179 0.952299 262.915 1490106
116.208 0.952539 263.167 1424264
116.221 0.952648 263.251 4121425
116.246 0.952847 263.641 2002794
116.391 0.954037 263.874 4191042
116.441 0.954451 263.876 1906692
116.465 0.954647 263.878 3772115
116.489 0.954843 263.971 2001567
116.806 0.95744 264.445 5656262
116.813 0.957496 264.496 2109995
116.842 0.957734 264.497 4772767
116.847 0.957779 264.515 972097
116.897 0.958186 264.556 3740591
116.934 0.958488 264.595 3908112
116.946 0.958587 264.728 4275529
116.956 0.958668 265.293 3232229
116.97 0.958782 265.418 1907592
116.985 0.958905 265.462 4347997
117.013 0.959135 265.765 2059684
117.04 0.959357 266.697 3740588
117.077 0.959658 267.154 5680101
117.112 0.959947 267.488 1790112
117.124 0.96005 267.54 1785460
117.135 0.960138 267.695 7179580
117.234 0.960951 267.795 3945292
117.251 0.961084 267.917 3859331
117.298 0.961475 268.135 5347116
117.324 0.961687 268.731 7645678
117.358 0.961966 269.303 3231352
117.474 0.962914 269.383 4172832
117.619 0.964103 269.466 5433851
117.717 0.964903 270.214 3895884
117.732 0.965027 270.507 387538
117.787 0.96548 270.648 3908476
117.815 0.965706 270.789 6765344
117.886 0.966289 270.871 3232044
117.915 0.966533 271.165 4184021
118.013 0.967336 271.335 1370037
118.067 0.967777 271.527 4174215
118.074 0.967833 271.88 4179566
118.101 0.968058 272.045 3893340
118.126 0.968257 272.454 3990806
118.175 0.968659 272.979 3770654
118.202 0.968884 274.038 64293
118.238 0.969173 274.449 4276948
118.358 0.97016 274.794 3740916
118.392 0.970442 275.388 7284304
118.404 0.970542 275.741 4665716
118.418 0.970656 276.17 4858012
118.573 0.971923 276.765 4175701
118.615 0.972268 276.906 7723693
118.765 0.9735 277.035 3896739
118.806 0.973831 278.207 6849956
118.88 0.974443 279.085 6850813
118.908 0.974672 279.44 5953996
118.931 0.974858 279.641 4177230
118.952 0.975033 279.978 3986520
119.013 0.975528 280.025 1723945
119.029 0.975663 280.121 7459964
119.044 0.975783 281.35 3890408
119.094 0.976194 281.407 7385948
119.18 0.976899 281.613 1136465
119.194 0.97701 281.667 1913649
119.238 0.977371 282.317 6406378
119.265 0.977592 282.782 5193417
119.273 0.977662 282.998 4183919
119.323 0.97807 283.304 6273149
119.344 0.978241 283.44 2010537
119.387 0.978597 283.651 7202286
119.501 0.979526 284.001 1454791
119.521 0.979691 284.027 3280360
119.534 0.9798 284.576 1999979
119.549 0.979921 285.009 5431563
119.561 0.980025 285.644 4276230
119.593 0.980287 285.958 3770980
119.609 0.980414 286.478 55359
119.634 0.980619 286.536 5431826
119.668 0.9809 286.905 4670548
119.909 0.982871 287.022 7771098
119.924 0.983 287.022 664403
119.941 0.983133 287.13 6140986
119.962 0.98331 287.88 6850133
119.998 0.9836 289.98 4120133
120.019 0.983776 290.137 3897134
120.06 0.984113 291.298 3885098
120.087 0.984333 291.692 4175687
120.146 0.984816 291.791 7037130
120.191 0.985183 292.223 1906075
120.224 0.985458 292.867 5944033
120.255 0.985711 293.911 4535986
120.278 0.9859 294.52 1999865
120.313 0.986187 295.477 3231287
120.33 0.986328 296.513 7532430
120.358 0.986558 296.976 3896349
120.383 0.986758 298.434 31160
120.415 0.987024 298.585 5432267
120.439 0.987215 298.591 3849579
120.457 0.987369 298.873 3929005
120.496 0.987689 298.904 6139762
120.534 0.987994 299.276 5432134
120.545 0.988091 299.511 7483831
120.59 0.988453 299.956 3908602
120.599 0.988527 301.221 5012278
120.639 0.988857 301.452 441812
120.645 0.988906 301.737 5571553
120.678 0.989181 302.038 4278132
120.694 0.989307 302.311 2040145
120.703 0.989379 302.708 4752296
120.708 0.98942 303.785 4183299
120.739 0.98968 303.811 5985849
120.752 0.989782 305.305 3901927
120.791 0.990103 305.527 1276520
120.815 0.9903 305.898 3844366
120.849 0.99058 307.415 5679849
120.868 0.990738 308.458 3987447
120.885 0.990871 309.1 4016207
120.902 0.991014 309.797 5432866
120.936 0.991294 311.366 6764521
120.972 0.991591 311.984 7482441
120.996 0.991783 314.665 3740798
121.012 0.991913 314.918 4671703
121.063 0.992333 315.019 4574203
121.073 0.992415 315.35 3739704
121.105 0.992679 315.808 3897129
121.131 0.992889 317.931 4772228
121.148 0.993034 318.408 3898433
121.159 0.993122 319.646 1850508
121.196 0.993427 320.315 1815484
121.222 0.993636 320.574 3231444
121.226 0.993667 321.573 3739346
121.236 0.993751 323.447 1789409
121.253 0.993894 323.98 6457475
121.268 0.994017 325.286 3957021
121.286 0.994162 325.893 3386551
121.297 0.994255 326.652 1453933
121.317 0.994413 327.193 7484378
121.344 0.994634 328.712 3052062
121.359 0.994759 329.001 6850150
121.387 0.994989 329.116 6272998
121.404 0.995133 333.183 101715
121.445 0.995465 333.633 5691933
121.454 0.995536 336.999 4174518
121.466 0.995636 339.347 145276
121.513 0.996025 341.062 6849967
121.532 0.996176 341.736 1786326
121.545 0.996288 342.496 7801708
121.566 0.996453 344.427 4354294
121.577 0.99655 346.212 1907879
121.594 0.996683 346.394 7323268
121.611 0.996827 350.576 737863
121.622 0.996914 350.864 140559
121.63 0.996984 351.345 3741142
121.654 0.997177 351.631 1406568
121.687 0.997449 351.633 1290252
121.693 0.997499 353.084 6400762
121.705 0.997598 353.663 1999942
121.713 0.997663 355.144 1665291
121.734 0.997834 357.012 3740590
121.743 0.997904 358.589 3740504
121.753 0.997986 362.052 4355529
121.768 0.998113 362.53 3897366
121.774 0.998164 368.645 4175769
121.793 0.998321 373.426 3957376
121.798 0.998356 375.265 1665001
121.81 0.998455 376.583 3739814
121.825 0.998581 378.906 1684955
121.836 0.998673 379.598 7334398
121.849 0.998775 390.609 4175276
121.856 0.998834 394.656 3890185
121.871 0.998959 397.411 6273148
121.88 0.99903 397.705 3896043
121.9 0.999191 403.841 6404528
121.906 0.999245 408.741 3230932
121.915 0.999314 425.402 6850074
121.934 0.999472 428.878 3231719
121.945 0.999559 444.937 3740295
121.947 0.999579 454.389 6102373
121.955 0.999645 454.499 5431604
121.969 0.999758 463.718 5943524
121.98 0.999847 493.959 7771219
121.982 0.999866 506.569 5680327
121.99 0.999932 530.739 224553
121.998 1 553.184 5434462
