Unknown 4 358 358 358 358 float/unsigned
CumulativeMeasure | CDF | Dose | TetraID
0.00196819 6.17567e-05 0 2757249
0.00495536 0.000155486 0 3452979
0.00550341 0.000172683 0 2758566
0.00662637 0.000207918 0 3453444
0.00893458 0.000280344 0 2757686
0.00916196 0.000287478 0 2757642
0.00973873 0.000305576 0 2757641
0.0100405 0.000315044 0 3453466
0.010566 0.000331534 0 2757597
0.0109459 0.000343452 0 3453624
0.0120526 0.00037818 0 2757324
0.0133678 0.000419448 0 3452917
0.01392 0.000436775 0 2757053
0.014634 0.000459175 0 3453827
0.0159229 0.000499619 0 3453909
0.0168248 0.000527917 0 3453932
0.0173699 0.000545021 0 3454072
0.0180886 0.000567572 0 3679218
0.018213 0.000571476 0 3820222
0.0190651 0.000598213 0 3820705
0.019395 0.000608563 0 3820805
0.0206869 0.000649102 0 3451753
0.021139 0.000663287 0 3017174
0.0215673 0.000676725 0 3017184
0.0226444 0.000710522 0 3016287
0.0236429 0.000741852 0 3017601
0.0247359 0.000776149 0 3017793
0.0251985 0.000790663 0 3017795
0.0257791 0.000808882 0 2873184
0.0269804 0.000846574 0 2862894
0.0291836 0.000915705 0 3450547
0.0303016 0.000950786 0 25993
0.0323531 0.00101516 0 2859931
0.0338963 0.00106358 0 2820800
0.0342574 0.00107491 0 2761021
0.0360299 0.00113052 0 3452665
0.0372137 0.00116767 0 3452708
0.0374336 0.00117457 0 2759291
0.0383842 0.0012044 0 3452900
0.0396991 0.00124565 0 2758966
0.0406944 0.00127688 0 3452901
0.0417904 0.00131127 0 1404501
0.0419924 0.00131761 0 3822600
0.0427827 0.00134241 0 3821110
0.0431379 0.00135356 0 3822599
0.0440026 0.00138069 0 6617723
0.0450997 0.00141511 0 3820955
0.0453261 0.00142222 0 3821635
0.0458808 0.00143962 0 3821460
0.0465305 0.00146 0 495985
0.0476572 0.00149536 0 384277
0.0487134 0.0015285 0 1563355
0.0507207 0.00159148 0 3821062
0.0510627 0.00160221 0 33882
0.0516127 0.00161947 0 2197624
0.052676 0.00165284 0 2172188
0.0534173 0.00167609 0 1632745
0.0578666 0.0018157 0.0531637 3017538
0.0622541 0.00195337 0.210375 3453404
0.064539 0.00202507 0.321341 2202234
0.0657483 0.00206301 0.423499 3452655
0.0661864 0.00207676 0.436854 2757061
0.0671434 0.00210678 0.48159 3821186
0.0677541 0.00212595 0.575949 3453907
0.0687849 0.00215829 0.587352 3453493
0.0702341 0.00220376 0.816835 1498
0.0736867 0.0023121 0.868979 3453650
0.075237 0.00236074 1.00476 2759212
0.0780665 0.00244952 1.02316 3454126
0.0829947 0.00260416 1.40331 44928
0.0847709 0.00265989 1.44992 3453895
0.0859584 0.00269715 1.47957 3453123
0.0898924 0.00282059 1.91395 2758929
0.0953241 0.00299102 2.26086 2760382
0.095687 0.00300241 2.26583 160553
0.0966518 0.00303268 2.45641 2505415
0.0980553 0.00307672 2.4585 3452626
0.0997197 0.00312894 2.74652 3453625
0.10357 0.00324976 2.85675 3453403
0.106399 0.00333852 2.98413 3821047
0.107424 0.0033707 3.00208 2671805
0.108198 0.00339497 3.52234 3453092
0.116951 0.00366962 4.01288 2759286
0.118982 0.00373335 4.0551 2670777
0.122844 0.00385453 4.67452 3453791
0.124608 0.00390988 4.69554 2863295
0.126613 0.00397278 5.19023 2760176
0.132722 0.00416446 5.23022 3452355
0.135027 0.0042368 5.30522 3180264
0.138706 0.00435223 5.47622 2759598
0.142199 0.00446184 5.53317 3454203
0.143649 0.00450733 5.69603 3451568
0.145858 0.00457666 5.8703 3453294
0.14729 0.00462157 6.10113 4723395
0.151619 0.0047574 6.387 2760294
0.159391 0.00500127 6.84659 2671222
0.162517 0.00509937 7.68443 3453504
0.16549 0.00519265 8.05887 3452706
0.171992 0.00539666 8.36765 6992342
0.182854 0.00573748 9.73784 3452504
0.194388 0.0060994 9.80556 2759805
0.202817 0.00636386 10.5123 3453621
0.206717 0.00648625 11.3329 2670521
0.214982 0.00674558 11.8679 6200222
0.226344 0.00710208 13.4959 3452897
0.22765 0.00714307 13.5448 3453303
0.228498 0.00716968 13.8592 3452580
0.232517 0.00729578 14.4216 6201454
0.24121 0.00756855 14.5584 3289979
0.24186 0.00758894 14.8741 2673399
0.245336 0.00769801 15.1812 2670230
0.247693 0.00777196 15.2767 3453135
0.252843 0.00793357 15.4238 174346
0.254172 0.00797526 15.6891 3452736
0.260175 0.00816362 16.0741 2669759
0.267844 0.00840424 16.1407 6733066
0.291282 0.00913968 16.8948 5081263
0.295455 0.0092706 17.0808 2860340
0.304666 0.00955962 17.0933 3453826
0.339713 0.0106593 17.6316 3288186
0.340288 0.0106773 17.8894 3020249
0.356094 0.0111733 18.5288 6201461
0.364924 0.0114504 18.5391 573271
0.396681 0.0124468 18.5549 3820572
0.412444 0.0129414 19.0109 3452304
0.432955 0.013585 19.2158 2760424
0.438138 0.0137476 19.5545 96616
0.446586 0.0140127 20.4969 3453267
0.462559 0.0145139 20.9684 3821088
0.471235 0.0147861 22.0036 2869964
4.48209 0.140636 22.226 4075543
4.4835 0.14068 22.3615 2758133
4.50782 0.141444 22.753 3451207
4.51314 0.141611 22.8278 545350
4.51729 0.141741 22.9907 3453653
4.52319 0.141926 23.5875 173012
4.54474 0.142602 23.7842 3821030
4.5474 0.142685 24.6624 3017610
4.56585 0.143264 24.7835 2758582
4.58289 0.143799 24.7929 2758672
4.59273 0.144108 25.4623 568410
4.59494 0.144177 25.5923 6423114
4.60065 0.144356 26.806 3452754
4.60737 0.144567 26.9181 3821093
4.61648 0.144853 27.6938 2673384
4.65459 0.146049 29.0889 2202236
4.69824 0.147418 29.2581 2670929
4.70271 0.147559 29.3384 2758588
4.70367 0.147589 29.5068 2760133
4.70655 0.147679 29.6611 3451815
4.70797 0.147724 29.7875 2864001
4.71856 0.148056 30.0398 2757623
4.76615 0.149549 30.4292 3451962
4.83289 0.151643 31.197 2860645
4.86928 0.152785 31.2761 2758261
4.93727 0.154919 32.2318 2757587
4.94864 0.155275 32.3486 2758990
4.95607 0.155509 32.5718 3452690
4.99573 0.156753 33.6403 6200460
5.01446 0.157341 33.9914 3452036
5.0567 0.158666 34.6313 6200994
5.0631 0.158867 34.7886 2758365
5.0699 0.15908 35.0053 3453139
5.10717 0.16025 35.3441 3453290
5.13009 0.160969 35.4009 3820387
5.13366 0.161081 35.5463 3452739
5.15856 0.161862 36.2045 6201540
5.16279 0.161995 36.3788 3453725
5.17813 0.162476 37.4281 3453166
5.20616 0.163356 37.6942 2861128
5.20674 0.163374 37.8492 3454074
5.30979 0.166607 37.9697 3453885
5.31197 0.166676 38.2332 3453330
5.31274 0.1667 38.6189 2760256
5.31462 0.166759 39.8875 2862334
5.31906 0.166898 39.9136 3821393
5.34322 0.167656 40.0022 2756491
5.3566 0.168076 40.1615 2669748
5.35985 0.168178 40.2316 2664990
5.36554 0.168357 40.7176 3453203
5.37245 0.168573 41.1727 1949560
5.40241 0.169514 41.3069 2758580
5.53073 0.17354 41.397 3451860
5.53209 0.173583 41.5049 3453036
5.5614 0.174502 42.2281 3821031
5.59553 0.175573 42.3384 3452910
5.60124 0.175752 42.5746 2757744
5.60594 0.1759 42.8232 3453727
5.61826 0.176286 43.042 2757417
5.62989 0.176651 43.2453 3453130
5.69364 0.178651 43.5871 3821544
5.70023 0.178858 43.704 5081590
5.73226 0.179863 43.7134 3452037
5.73859 0.180062 43.9787 3453210
5.74178 0.180162 44.0837 3453479
5.74442 0.180245 44.2307 3450932
5.75111 0.180455 44.533 3821265
5.79287 0.181765 44.7984 3452812
5.83394 0.183054 44.8682 3015451
5.85563 0.183735 44.939 2756922
5.87263 0.184268 45.0664 3023537
5.88765 0.184739 45.1627 2756991
5.95588 0.18688 45.2651 3821266
5.95918 0.186984 45.4108 159762
5.98886 0.187915 45.6922 3821052
5.99576 0.188131 45.7009 3450180
6.03819 0.189463 46.0355 3451384
6.05565 0.190011 46.1134 328202
6.07041 0.190474 46.1955 2669294
6.0712 0.190498 46.3819 3452094
6.16279 0.193372 46.7613 3453136
6.16878 0.19356 47.0595 3821100
6.22659 0.195374 47.107 2860569
6.264 0.196548 47.1533 3452663
6.27717 0.196961 47.3965 2259897
6.27869 0.197009 47.4299 2758947
6.31861 0.198262 47.7757 2575227
6.34795 0.199182 47.8521 608054
6.35225 0.199317 48.3448 3821054
6.35443 0.199385 48.3793 3453661
6.36418 0.199691 48.511 2758737
6.36572 0.19974 48.6902 2861292
6.38761 0.200426 48.832 6736185
6.39938 0.200796 49.069 2870088
6.40375 0.200933 49.2866 3453643
6.43016 0.201762 49.5237 3453289
6.43188 0.201816 49.5286 3454041
6.43569 0.201935 49.5792 3452648
6.45461 0.202529 50.2064 3453592
6.4633 0.202801 50.2668 3452956
6.48415 0.203456 50.791 2669739
6.52196 0.204642 50.9932 2760427
6.54707 0.20543 51.3217 6200472
6.61549 0.207577 51.5375 3453494
6.64996 0.208658 51.7268 3453186
6.67095 0.209317 52.1752 3452895
6.71867 0.210814 52.3257 6911121
6.72352 0.210967 52.5503 2256585
6.74129 0.211524 52.7606 2391320
6.74836 0.211746 52.7645 2758522
6.77143 0.21247 52.8064 3450616
6.77615 0.212618 53.024 3452914
6.83372 0.214424 53.2298 3453894
6.85161 0.214986 53.6133 2670468
6.85558 0.21511 54.5544 2760465
7.02086 0.220296 54.836 3453137
7.02548 0.220441 55.2969 3453655
7.03047 0.220598 55.6131 2757496
7.03253 0.220662 55.7259 3453631
7.03453 0.220725 55.8322 3453492
7.05001 0.221211 56.8707 495964
7.0662 0.221719 57.077 544820
7.06715 0.221749 58.1771 3821071
7.07529 0.222004 58.546 6735272
7.08681 0.222366 58.675 3453292
7.10058 0.222798 58.7901 2670374
7.11971 0.223398 58.84 3454084
7.12727 0.223635 59.3391 3289503
7.13577 0.223902 59.3718 3452629
7.13695 0.223939 59.4424 2759726
7.13874 0.223995 59.4503 3453664
7.15072 0.224371 59.6824 3451100
7.18013 0.225294 62.9114 2758581
7.19117 0.22564 63.0475 3453668
7.19275 0.22569 64.8297 2757364
7.23234 0.226932 65.2064 2759142
7.31988 0.229679 65.7515 2262810
7.32549 0.229855 66.9503 4021755
7.32812 0.229937 68.0155 3450644
7.3377 0.230238 68.3893 3821101
7.356 0.230812 68.9085 3821097
7.36293 0.23103 70.2429 2261801
7.37514 0.231413 70.4349 2671233
7.40546 0.232364 70.4781 60165
7.40877 0.232468 70.4819 3452172
7.42149 0.232867 70.774 3452376
7.42399 0.232945 70.8483 3821083
7.42562 0.232997 72.2755 3821094
7.43048 0.233149 73.5153 2758811
11.3688 0.356722 74.0356 6072380
11.4437 0.359073 74.1072 5080855
11.446 0.359145 74.36 2915189
11.4486 0.359228 76.9164 3453495
11.4524 0.359348 77.4494 3453789
11.4555 0.359445 77.6492 2759818
11.4602 0.359593 78.0922 2260622
11.4696 0.359885 78.4539 3453188
11.4745 0.360041 79.4885 3452482
11.4962 0.360721 79.9625 3453022
11.5011 0.360875 80.1992 567202
11.5053 0.361005 80.9822 78975
11.5158 0.361336 81.2281 3452124
11.5318 0.361837 81.7081 3452278
11.5356 0.361957 83.0277 3453731
11.5404 0.362108 83.068 2261788
11.5465 0.362298 83.3067 567986
15.5567 0.488129 83.4489 809737
15.5578 0.488163 83.5575 3179007
15.5587 0.488191 83.9994 2758384
15.5912 0.489211 84.3176 3020322
15.5927 0.489258 84.6747 2757393
15.5952 0.489336 86.3198 3822116
15.5971 0.489397 87.4389 2758408
15.6101 0.489805 87.4457 2673740
15.6157 0.489979 89.7072 174300
15.6206 0.490135 91.8751 2757689
15.6281 0.490369 92.2402 3453284
15.6311 0.490463 92.4582 3453026
15.6337 0.490544 95.7837 3453467
15.6375 0.490664 96.3301 6909450
15.6442 0.490874 96.6395 3453632
15.654 0.491183 96.8106 2759083
15.6558 0.491237 97.7689 3454138
15.6712 0.49172 98.8829 6736184
15.6762 0.491877 98.9972 2760241
15.6772 0.491909 101.578 3017048
15.6807 0.492021 102.543 2759287
15.6879 0.492245 105.4 3821096
15.6892 0.492286 107.557 3821079
15.6898 0.492305 107.962 3453846
15.692 0.492373 108.733 3287317
15.7043 0.492758 111.48 3821032
15.7064 0.492825 111.925 3015450
15.7072 0.492851 113.633 3452700
15.7137 0.493054 114.896 3821383
15.7185 0.493207 114.898 3453217
15.726 0.493442 114.924 3452871
15.7285 0.493518 117.825 3451749
15.7315 0.493613 119.251 3453746
15.7333 0.49367 120.94 3015446
15.7358 0.493748 122.074 4594878
15.7496 0.49418 122.592 2759653
15.764 0.494634 129.129 2673432
19.7749 0.620484 132.859 7480083
19.7763 0.620528 139.933 3452884
19.7775 0.620565 153.964 2862537
19.7852 0.620807 155.193 2672854
19.7867 0.620855 162.047 3454085
19.7909 0.620985 162.765 2757471
19.8035 0.621383 165.647 2375968
19.8095 0.621569 166.508 2759676
19.8103 0.621597 167.4 328130
19.8178 0.62183 169.866 2760367
19.8236 0.622012 171.92 3453759
19.8258 0.622081 172.425 2759756
19.8281 0.622155 174.079 3451495
19.8292 0.62219 181.267 2924099
19.8312 0.62225 210.359 3024286
19.8323 0.622287 222.833 3453967
19.8334 0.622321 234.982 3821334
19.8344 0.622351 284.344 3452660
19.8352 0.622378 291.887 3453016
19.8357 0.622393 332.694 3821456
23.8467 0.748247 422.193 1221929
23.8474 0.748268 459.156 3453838
23.8482 0.748293 603.069 2672470
27.8591 0.874146 766.68 809643
31.8701 1 857.91 3055858
