Unknown 4 719 719 719 719 float/unsigned
CumulativeMeasure | CDF | Dose | TetraID
0.00927598 7.60337e-05 0.0521615 7517598
0.0169124 0.000138628 0.156956 4575100
0.0233302 0.000191234 0.498037 7515765
0.0303591 0.000248849 0.569109 3740584
0.0410455 0.000336443 0.67349 1850508
0.0586884 0.000481059 1.08241 3386551
0.0712729 0.000584212 1.26455 1785460
0.0896254 0.000734644 1.4655 1786326
0.0998829 0.000818724 1.57995 1789409
0.10797 0.000885009 1.65479 3740636
0.116568 0.000955486 1.66629 3740504
0.118986 0.000975308 1.7814 6102373
0.142355 0.00116686 1.82935 3740798
0.151227 0.00123958 2.07486 3894293
0.16634 0.00136346 2.61697 6888089
0.183964 0.00150792 3.08966 3740345
0.196359 0.00160952 3.12191 1908070
0.205596 0.00168524 3.63754 5656718
0.220948 0.00181107 3.65904 2040145
0.237362 0.00194561 3.96787 7459964
0.248193 0.0020344 4.3803 7179580
0.288451 0.00236438 4.59831 441812
0.325335 0.00266671 4.88871 3908112
0.354916 0.00290919 4.91857 1916755
0.372598 0.00305412 4.98932 7544913
0.407743 0.0033422 5.0169 1790112
0.421283 0.00345319 5.07698 1913649
0.431212 0.00353458 5.09409 3739704
0.439828 0.0036052 5.20456 1908538
0.453781 0.00371957 5.23432 7524148
0.512275 0.00419903 5.27885 3845793
0.524334 0.00429788 5.3879 1787714
0.536436 0.00439708 5.44622 3739814
0.55608 0.0045581 5.51902 3740761
0.572317 0.00469118 6.35763 7323268
0.584341 0.00478974 6.3973 1999942
0.615569 0.00504572 6.62858 7531650
0.622673 0.00510394 6.72429 3890185
0.639911 0.00524524 6.96286 1118931
0.647497 0.00530742 7.11037 2058249
0.660805 0.0054165 7.27633 4121425
0.689495 0.00565167 7.37256 2747045
0.733518 0.00601253 7.47948 6406378
0.756993 0.00620495 7.67972 7425878
0.788049 0.00645951 7.85872 3690051
0.850617 0.00697236 7.93269 7602085
0.877757 0.00719483 8.07347 7517412
0.900711 0.00738298 8.13694 1967832
0.958829 0.00785936 8.2112 1967731
0.980189 0.00803444 8.22505 3767932
0.997648 0.00817755 8.33998 101715
1.02168 0.00837452 8.44453 3844366
1.03493 0.00848314 8.51967 197820
1.03869 0.00851398 8.95619 3739346
1.07198 0.00878687 9.02207 1578023
1.11668 0.0091532 9.15146 1906075
1.13201 0.00927891 9.51618 1684955
1.14664 0.00939884 9.69025 3055875
1.19524 0.00979721 9.97685 3769526
1.21849 0.00998779 10.0719 3849579
1.26001 0.0103281 10.1099 3986266
1.3097 0.0107354 10.1137 3740591
1.39662 0.0114479 10.2528 1725065
1.42503 0.0116807 10.3238 1276611
1.43948 0.0117992 10.3486 3740729
1.51283 0.0124004 10.4475 88046
1.53975 0.0126211 10.4914 3052062
2.14514 0.0175834 10.6617 3770237
2.20152 0.0180455 10.8309 3739129
2.26615 0.0185753 10.9017 1971021
2.28122 0.0186988 10.9669 3277464
2.3374 0.0191593 11.0227 7324622
2.38711 0.0195668 11.3324 4708573
2.61424 0.0214285 11.3724 3770281
2.66983 0.0218842 11.4345 3739209
2.7154 0.0222577 11.6597 1343334
2.78355 0.0228163 11.7238 3740103
4.38124 0.0359123 11.9076 3769928
4.46227 0.0365765 11.9444 3861037
4.47023 0.0366417 12.013 1665291
4.71055 0.0386116 12.0267 7510561
4.7864 0.0392333 12.0391 1999721
4.84568 0.0397192 12.2337 3986197
4.87649 0.0399717 12.2441 4535986
4.90079 0.040171 12.6514 3990806
4.92346 0.0403568 12.7304 4488543
4.94152 0.0405048 12.7387 3740466
5.95797 0.0488365 12.7644 2058078
5.98996 0.0490987 12.8006 3770980
6.06618 0.0497235 12.8731 6581883
6.08241 0.0498565 12.9165 3859331
6.10203 0.0500173 12.9577 6404528
7.33722 0.0601419 13.0476 3770369
7.43006 0.0609029 13.0813 1916008
7.44799 0.0610499 13.1508 3885379
7.49387 0.061426 13.2279 1370038
7.54285 0.0618275 13.2647 3770654
7.58749 0.0621934 13.2948 3843780
7.63793 0.0626068 13.505 7119455
9.2103 0.0754953 13.5092 3770297
9.61565 0.0788179 13.5703 7454084
9.63689 0.078992 13.5723 4068350
9.7203 0.0796757 13.685 2001401
9.88099 0.0809928 13.7078 2109630
9.9801 0.0818052 13.9127 5655967
10.0015 0.0819803 13.9578 1580110
10.0132 0.0820767 13.9593 7483831
10.1166 0.082924 14.0791 3841015
10.2233 0.0837991 14.4542 3850063
10.8943 0.0892988 14.5705 7117306
10.9346 0.0896289 14.579 7453753
10.9515 0.0897675 14.6205 3739825
10.9676 0.0898993 14.6241 2900841
11.0027 0.0901872 14.6887 1914897
11.0199 0.0903281 14.6946 3986467
16.0948 0.131927 14.8016 1489586
16.1229 0.132157 14.8548 2059684
19.7478 0.161869 14.8723 1490579
19.771 0.162059 15.1001 1999971
20.3827 0.167073 15.1043 3770290
20.3954 0.167178 15.1302 2348343
21.3442 0.174955 15.1342 3740560
21.624 0.177248 15.1856 2001445
21.6543 0.177497 15.1983 3740344
23.7468 0.194648 15.2616 119521
23.9871 0.196618 15.2836 3770299
24.0785 0.197367 15.3569 2044269
24.2004 0.198367 15.393 3908223
24.2377 0.198672 15.3935 1815484
24.2834 0.199047 15.4296 6408452
25.1808 0.206403 15.491 4190110
28.0219 0.229691 15.5159 3908604
28.0355 0.229803 15.5496 7801708
28.0478 0.229903 15.5804 2510559
28.1213 0.230506 15.5854 1789279
28.1421 0.230676 15.6546 3740590
30.2035 0.247573 15.6864 3907977
30.6193 0.250981 15.7217 187198
30.7474 0.252031 15.7853 3770109
32.8819 0.269527 15.9135 4119615
32.936 0.269971 15.9238 3740236
33.2528 0.272568 15.9441 5656262
33.2767 0.272764 15.9638 2001567
33.3038 0.272986 15.9809 7426435
33.4141 0.27389 15.9907 1186647
33.6567 0.275878 16.0156 4193088
33.6789 0.276061 16.0353 4006159
33.6898 0.276149 16.2144 7771219
33.7403 0.276563 16.2289 1906692
33.7947 0.27701 16.2388 7572300
34.097 0.279487 16.2974 3769989
34.2123 0.280433 16.3106 1537852
34.3228 0.281339 16.3227 3771048
34.3358 0.281445 16.3852 1723249
34.3498 0.28156 16.5054 1907592
36.7015 0.300836 16.5537 1971059
36.7168 0.300961 16.6658 6273148
36.7772 0.301457 16.9542 1723945
36.8654 0.30218 17.0513 3885594
36.8866 0.302353 17.0835 3740191
36.922 0.302644 17.1681 4120133
37.02 0.303447 17.1858 1370037
39.263 0.321832 17.2168 3885736
40.0524 0.328303 17.2463 3908336
40.4323 0.331417 17.2582 3848579
40.5956 0.332755 17.2798 4191889
41.383 0.33921 17.2929 3771053
41.3981 0.339333 17.3381 387538
41.4439 0.339709 17.3629 6513834
41.5613 0.340671 17.3704 7318278
43.0225 0.352648 17.387 1489573
43.0307 0.352715 17.4738 2041363
43.5031 0.356587 17.4779 1489446
43.8324 0.359287 17.6113 6407459
43.8535 0.35946 17.7254 4067521
43.9444 0.360205 17.7841 4704459
43.9703 0.360417 17.7852 4733879
44.7417 0.36674 17.9278 2258306
44.7692 0.366966 17.9456 3893340
44.8644 0.367746 18.0443 7344392
44.8947 0.367995 18.1354 4187796
45.5393 0.373278 18.2025 1906816
45.589 0.373686 18.2289 6273149
45.5951 0.373736 18.3522 6400762
45.648 0.374169 18.3697 4187445
45.6712 0.374359 18.4064 3740610
45.749 0.374997 18.4335 224938
45.8553 0.375868 18.5195 722530
45.9451 0.376604 18.6021 5357928
46.3533 0.37995 18.6189 3887416
46.5306 0.381404 18.6738 4126023
46.8178 0.383758 18.7293 3908885
46.9885 0.385157 18.8029 1851220
47.036 0.385546 18.9176 3740717
47.1031 0.386097 19.0132 64304
47.1149 0.386193 19.0593 7533592
48.0916 0.394199 19.1046 1845252
48.3491 0.396309 19.164 7116870
48.3662 0.39645 19.1837 7532430
48.4041 0.39676 19.1875 3740915
48.6601 0.398858 19.2157 6139137
48.674 0.398973 19.3774 3740615
48.7424 0.399533 19.4059 3740202
48.8298 0.400249 19.4545 7534057
48.841 0.400341 19.5265 7334398
49.0288 0.401881 19.6879 4120187
49.0752 0.402261 19.7375 1908356
49.6301 0.40681 19.7638 3908793
49.6451 0.406932 19.8608 3772602
49.7373 0.407688 19.8609 4070526
50.0683 0.410401 19.8929 3908338
50.0795 0.410493 19.9464 3891721
50.2196 0.411642 19.9504 1023166
50.2986 0.412289 19.9961 2508599
50.7743 0.416188 20.0356 4191400
51.0147 0.418159 20.2066 7771098
51.0823 0.418713 20.3565 7264220
51.1604 0.419354 20.3744 3907870
51.2161 0.41981 20.4244 1723946
51.6176 0.423101 20.4517 7516542
51.7217 0.423954 20.4531 3770086
51.7827 0.424454 20.4613 324376
51.992 0.42617 20.7168 5225803
52.2126 0.427978 20.7299 224615
52.2383 0.428189 20.7693 3740872
52.838 0.433105 20.7836 3908886
52.9539 0.434054 20.8295 3740515
53.296 0.436859 20.8297 3891560
53.3479 0.437284 20.8555 4574986
53.3612 0.437393 20.9323 1999979
53.3916 0.437642 20.966 1916941
53.4242 0.43791 21.1375 3842908
53.4792 0.43836 21.2039 1725567
53.6319 0.439612 21.2141 4820325
53.7031 0.440195 21.2514 3891720
53.7586 0.44065 21.3437 7770793
53.7997 0.440987 21.4704 3885098
53.9019 0.441825 21.6832 3885611
53.9637 0.442331 21.757 6748188
53.9823 0.442484 21.8578 1909766
54.1259 0.443661 21.8808 2001436
54.1365 0.443748 21.8919 3740295
54.1844 0.444141 21.913 3908534
54.2704 0.444846 21.9247 1136465
54.2996 0.445085 21.9339 1424264
54.3082 0.445155 21.9564 3741142
55.0646 0.451355 21.9717 3907880
56.171 0.460424 22.0214 6349190
56.7011 0.464769 22.1771 6303565
56.7523 0.46519 22.2444 4574203
56.7699 0.465334 22.2907 3986646
56.9715 0.466986 22.375 1490740
57.3623 0.470189 22.5423 8018025
57.3784 0.470321 23.1815 3889817
57.4059 0.470546 23.4101 64293
57.5081 0.471384 23.4926 5694972
57.5457 0.471692 23.6164 3055950
57.5795 0.47197 23.635 4068981
57.5928 0.472078 23.7042 7601246
57.645 0.472507 23.7187 3740697
57.6761 0.472762 23.7647 7284038
57.7653 0.473492 23.7766 3907672
57.8092 0.473852 23.8562 4123851
57.9128 0.474702 24.2817 1490106
57.9276 0.474823 24.3937 68164
57.9545 0.475043 24.4784 3930397
57.9736 0.4752 24.4798 4827683
57.9939 0.475366 25.0267 1851124
58.2897 0.477791 25.0633 1849242
58.3048 0.477915 25.1441 1425032
58.3146 0.477995 25.1742 1915646
58.3853 0.478575 25.2467 3906749
58.4646 0.479225 25.3702 3052978
58.6741 0.480942 25.487 4613129
58.698 0.481138 25.6412 3772115
58.7223 0.481337 25.8119 4191715
58.7431 0.481508 25.8185 2010537
58.8409 0.482309 25.8741 4736421
58.8852 0.482672 25.9325 3908602
58.9242 0.482992 26.0588 6139762
58.9761 0.483417 26.1276 3768349
58.9953 0.483575 26.3296 3987447
59.0215 0.48379 26.3803 3740716
59.0551 0.484065 26.5653 3885023
59.0957 0.484398 26.9564 3906471
59.1104 0.484518 27.0887 3890408
59.1248 0.484636 27.1952 3736054
59.1592 0.484918 27.6026 7284304
59.1665 0.484978 28.0715 3851203
59.2255 0.485462 28.0927 7037130
59.2769 0.485883 28.4089 3512198
59.3012 0.486082 28.6095 2002794
59.3082 0.486139 28.8389 62550
59.3944 0.486846 28.9131 243143
59.4201 0.487056 29.0356 2381082
59.4685 0.487453 29.1412 3739205
59.4956 0.487676 29.2078 3740588
59.5861 0.488417 29.527 2001836
59.6001 0.488532 29.552 3740871
59.6256 0.488741 29.6395 1580842
59.746 0.489728 29.8696 3740916
59.8012 0.490181 30.0657 3908476
59.8249 0.490375 30.2028 6741421
59.8472 0.490557 30.2428 1999743
59.8659 0.490711 31.152 3929005
59.8806 0.490831 31.2481 3739933
59.9037 0.491021 31.5397 1999865
59.9115 0.491085 31.5953 2086185
59.9286 0.491225 31.664 4576642
59.95 0.4914 32.643 3986520
59.9593 0.491476 32.7139 3770287
59.9706 0.491569 32.8989 2058113
59.9883 0.491714 32.9848 3840698
60.0385 0.492125 33.1341 7385948
60.1836 0.493315 33.198 4191042
60.1936 0.493397 33.3755 1939100
60.2055 0.493495 33.5607 6312171
60.2372 0.493755 34.5425 5985849
60.2765 0.494076 34.7083 1276520
60.3341 0.494549 35.031 2043519
60.3643 0.494796 35.1457 7810871
60.4221 0.49527 35.3187 4192456
60.434 0.495368 36.3014 1907879
60.4636 0.49561 36.3297 197007
60.4917 0.49584 36.4273 6272998
60.5105 0.495994 36.6615 1722736
60.5177 0.496053 36.6758 6742012
60.5245 0.496109 36.9729 2109995
60.5581 0.496385 36.9939 4323035
60.5783 0.49655 37.1486 3280360
60.6146 0.496848 37.3359 7482441
60.6211 0.496901 38.1276 6246756
60.6404 0.497059 39.1318 7484378
60.6722 0.49732 39.2495 4787898
60.6824 0.497404 39.9976 1915942
60.6943 0.497501 40.2601 3886738
60.708 0.497613 40.3705 4189444
60.7509 0.497965 42.1904 4224241
60.7706 0.498126 42.4983 1971060
60.7789 0.498194 42.6998 3739877
60.8023 0.498387 44.2575 2058356
60.8342 0.498647 44.6141 1968212
60.8503 0.49878 44.8311 6140986
60.8679 0.498924 45.1921 737863
60.873 0.498966 45.8152 3740479
60.8809 0.499031 46.4573 224553
60.8974 0.499166 50.4291 229982
60.9073 0.499247 50.6632 3890632
60.9193 0.499345 51.5866 1722690
60.9318 0.499448 54.2569 3849434
60.9477 0.499578 59.98 3907996
60.9545 0.499633 66.5584 4179566
60.9607 0.499685 82.3909 4175769
60.9694 0.499756 90.4669 3896043
60.9737 0.499791 101.303 1665001
60.981 0.499851 102.357 3956768
61.0025 0.500027 103.691 3897134
61.0533 0.500443 128.225 4862410
61.0702 0.500582 131.884 4523609
61.0737 0.500611 136.954 5680320
61.1016 0.500839 138.107 6495933
61.1152 0.500951 141.748 3899012
61.153 0.501261 141.993 1602676
61.2027 0.501668 145.64 4175319
61.2781 0.502287 155.06 6994587
61.2996 0.502463 157.236 4858024
61.3051 0.502507 158.394 972097
61.3111 0.502557 165.554 5571553
61.3244 0.502666 166.475 5453601
61.4025 0.503306 170.486 3957306
61.4216 0.503463 172.581 3957376
61.4452 0.503656 172.983 1406568
61.4629 0.503801 173.819 5680505
61.4713 0.50387 175.417 5434462
61.4889 0.504015 176.229 3898433
61.5091 0.50418 180.201 4354294
61.5212 0.504279 180.958 145276
61.5931 0.504868 184.84 5353992
61.7206 0.505913 186.299 4175173
65.1708 0.534194 186.533 7642221
65.3476 0.535643 187.639 3899450
65.3613 0.535756 187.69 5431926
65.5409 0.537228 188.421 6996395
65.55 0.537302 189.359 6898662
65.6038 0.537743 190.035 4174215
65.6778 0.53835 190.356 16991
65.9081 0.540238 190.449 4182371
65.9466 0.540553 191.189 6849428
65.968 0.540728 192.547 4182803
68.788 0.563844 194.618 4572376
69.0762 0.566206 194.877 4861597
70.0043 0.573814 195.21 4672439
70.0301 0.574025 196.905 7887338
70.0584 0.574257 196.915 6763953
70.0674 0.574331 197.819 5012278
75.1448 0.61595 197.994 3898379
75.1837 0.616268 199.698 5682109
75.2022 0.61642 199.717 5680321
75.2387 0.616719 201.301 3901266
76.562 0.627566 201.641 1532774
77.1756 0.632596 202.669 4855689
77.235 0.633082 203.472 7631185
79.6892 0.653199 204.344 4104133
79.7798 0.653942 205.715 5432643
79.7861 0.653994 206.01 3895621
79.8131 0.654215 206.043 5011633
80.3302 0.658453 206.076 4174812
80.3367 0.658507 206.765 3230932
80.3467 0.658588 206.778 3231553
80.3538 0.658646 207.457 3898145
81.0249 0.664148 207.936 5574732
81.5082 0.668109 208.361 4104620
81.6465 0.669243 208.704 3658584
82.3637 0.675121 209.046 730981
82.3817 0.675269 209.182 6765012
82.4406 0.675752 210.379 7632120
82.4504 0.675833 210.749 6849974
82.6578 0.677532 211.118 4175281
82.7213 0.678053 211.706 6761450
82.745 0.678247 212.744 4669270
82.7772 0.678511 214.429 3897129
82.8113 0.67879 214.718 3231352
82.8959 0.679484 214.771 4858290
82.9184 0.679668 214.891 7550729
82.9688 0.680081 214.915 3957254
82.9965 0.680309 214.935 6939639
86.5417 0.709368 215.698 3897603
86.7298 0.710909 216.024 5432698
86.8657 0.712024 216.429 5574318
87.0237 0.713319 216.571 7632125
87.158 0.714419 216.947 4864300
87.177 0.714575 218.292 4181977
90.9575 0.745563 218.66 3229793
90.9688 0.745656 219.941 1453933
90.992 0.745847 220.107 5605172
91.0176 0.746056 220.109 4772228
91.0511 0.746331 220.871 4278132
92.0758 0.75473 221.792 5680234
92.0835 0.754793 221.985 3899099
92.1113 0.755021 222.052 5953996
92.1591 0.755413 223.206 5347116
92.1726 0.755523 223.252 6849657
92.3229 0.756755 223.52 3896739
92.3526 0.756999 223.525 4184021
92.3701 0.757143 223.587 6457475
92.3822 0.757242 223.913 4275529
92.4447 0.757754 224.155 3897198
94.6007 0.775426 224.658 4771304
96.0235 0.787089 224.743 5433212
96.0413 0.787235 226.141 5680322
96.0488 0.787296 226.564 5680292
96.0707 0.787476 227.046 5573497
96.0794 0.787547 227.232 4174518
96.0904 0.787637 227.7 6849755
96.1668 0.788263 228.382 3939867
97.0448 0.79546 228.506 2117767
97.0576 0.795565 228.799 6850132
97.1296 0.796155 228.937 4182726
97.1492 0.796316 229.062 7631892
97.2908 0.797477 229.5 3896668
97.5758 0.799813 229.608 2117786
100.94 0.82739 229.666 5574486
100.948 0.827456 229.754 3897500
101.23 0.829767 230.851 3231460
101.246 0.829894 231.311 55359
101.258 0.829995 231.502 4477578
101.292 0.830274 232.152 4175278
101.308 0.830402 233.857 3897700
101.317 0.830482 233.959 3232229
102.452 0.839781 234.477 4179434
102.505 0.840218 234.497 6237667
102.605 0.841034 234.571 6849951
102.718 0.841963 235.72 1454791
102.733 0.842084 235.901 5431563
102.958 0.843931 236.859 5565405
103.513 0.848476 237.266 3897801
103.659 0.849675 237.419 6352497
103.874 0.851437 237.573 5680005
104.58 0.857222 238.097 812361
104.748 0.858606 238.994 7546008
105.403 0.86397 239.022 3955600
105.416 0.864081 239.066 4277824
105.83 0.867472 239.278 3898118
105.856 0.867684 239.632 7645678
105.868 0.867784 240.067 4665716
106.069 0.869433 240.166 4771936
106.105 0.869729 240.604 5567465
106.329 0.871562 240.944 4175479
106.445 0.872514 241.286 622069
106.479 0.872791 241.727 5574558
106.626 0.873994 241.782 3896279
106.638 0.874095 242.098 4770871
107.058 0.877536 242.146 7632286
107.256 0.879163 243.343 5574387
107.273 0.879296 244.766 4016207
107.285 0.879397 245.512 3957019
107.669 0.882541 246.545 4771778
107.694 0.882748 247.334 5680506
107.779 0.883449 247.388 5574409
107.813 0.883725 247.484 5944033
107.868 0.884177 247.493 3872970
107.962 0.884947 247.504 5345878
108.162 0.886585 248.112 4774896
108.17 0.886655 248.607 4183919
108.318 0.887862 248.73 4276684
108.33 0.887966 248.944 3231668
108.357 0.888186 249.488 4175687
108.444 0.8889 249.504 5574411
108.485 0.889237 249.753 5572467
108.58 0.890012 250.229 4018808
109.077 0.894089 251.301 3900481
109.148 0.894671 251.639 3232044
109.209 0.895165 251.725 3897130
109.23 0.895338 251.829 4754062
109.289 0.895828 251.888 3232847
109.305 0.895958 252.333 3896583
109.609 0.898445 252.612 6959402
109.651 0.89879 252.964 7723693
109.746 0.899571 253.199 7632017
110.257 0.903758 253.456 4771846
110.402 0.904947 254.2 5433851
110.414 0.905048 255.122 3901927
110.429 0.90517 255.933 2117768
110.444 0.905287 256.72 5574414
110.671 0.907154 258.197 5433854
110.968 0.909584 258.648 4856059
111.024 0.910046 258.689 7461971
111.099 0.910661 258.693 4184116
111.157 0.911138 258.743 7654296
111.172 0.91126 258.893 3232287
111.22 0.911649 259.472 6849967
111.454 0.913569 259.706 3959218
111.493 0.913892 260.382 5680285
111.514 0.914065 260.744 7820300
111.53 0.91419 260.836 6850150
111.555 0.914395 261.082 5431826
111.63 0.91501 262.243 4104166
111.753 0.916018 263.631 6850391
111.789 0.91632 264.733 5680101
111.793 0.916351 265.872 3192809
111.803 0.916434 266.286 6559114
111.931 0.917481 266.368 1762207
112.004 0.91808 266.82 3306534
112.095 0.918823 267.228 4178895
112.154 0.919306 267.895 5431724
112.751 0.924198 267.906 5432069
112.768 0.924341 268.039 3897830
113.256 0.928342 268.039 6767441
113.368 0.929256 268.065 5765269
113.382 0.92937 268.128 4771209
113.408 0.929586 268.239 3804160
113.425 0.929728 269.287 4774847
113.441 0.929857 269.744 1531434
113.455 0.929971 269.789 3898176
113.479 0.930172 270.119 4103834
113.493 0.930287 270.414 4183194
113.661 0.931659 271.31 5006377
113.667 0.931712 271.399 3060941
113.703 0.932004 272.63 4174766
113.718 0.932125 272.719 4854631
113.936 0.933911 273.841 620058
113.969 0.934183 273.889 1290252
113.979 0.934269 274.199 4776666
114.379 0.937545 274.564 3544219
114.391 0.937644 274.884 3896640
115.064 0.943161 275.138 6849743
115.148 0.943848 275.157 5163788
115.171 0.944037 275.205 5680294
115.211 0.944362 275.435 663933
115.345 0.945467 276.073 5574480
115.438 0.946223 276.148 621345
115.458 0.94639 276.309 4183363
115.504 0.946767 277.377 3235711
115.517 0.946873 277.663 5943783
115.527 0.946955 277.983 4771429
115.581 0.947399 278.412 6767428
115.751 0.948796 278.477 3897993
115.78 0.949033 279.371 4772767
115.855 0.949646 280.057 6850813
115.951 0.950435 280.702 7030731
116.012 0.950934 281.137 4672723
116.059 0.95132 282.729 4275950
116.116 0.951782 282.953 7645429
116.144 0.952016 283.389 3957048
116.244 0.952829 283.813 3945292
116.27 0.95305 284.098 3896496
116.354 0.953733 284.482 5431925
116.599 0.955746 285.011 4183365
116.608 0.955818 285.644 4184201
116.639 0.95607 285.787 6850109
116.646 0.956128 286.196 5432188
116.762 0.957076 288.226 4172832
116.808 0.957456 288.245 98424
116.848 0.957787 288.475 5679803
116.862 0.9579 288.538 5943524
116.872 0.95798 288.638 3898412
116.908 0.958274 289.088 4175522
116.942 0.958555 289.379 4670548
116.961 0.958713 289.629 3231719
117.568 0.963684 289.685 5910133
117.665 0.964484 289.821 3895884
117.7 0.964764 290.962 6764521
117.71 0.96485 291.503 5765452
117.76 0.96526 292.705 3902840
117.77 0.965342 294.479 4355529
117.786 0.965469 294.624 3897366
117.81 0.965666 295.408 5943825
117.824 0.965785 295.841 5572845
117.842 0.96593 298.087 7151496
117.97 0.966978 298.831 4177263
118.091 0.967971 299.097 5432841
118.124 0.968241 299.728 5679913
118.203 0.968888 299.846 4104874
118.222 0.969042 300.403 1498877
118.23 0.96911 300.489 5354190
118.241 0.969199 300.676 5433447
118.28 0.969521 300.794 1850540
118.308 0.969751 301.228 3896349
118.342 0.970031 302.886 5679849
118.387 0.970401 304.972 3901501
118.41 0.97059 306.567 4175699
118.427 0.970727 307.04 3231800
118.442 0.970847 307.205 5349236
118.448 0.970902 308.942 3229921
118.463 0.971025 309.091 3957021
118.476 0.97113 309.242 4277608
118.513 0.971429 309.311 3897412
118.525 0.971532 311.506 4276230
118.552 0.971753 312.153 5193417
118.566 0.971869 312.751 665112
118.582 0.971996 313.33 4769199
118.608 0.972212 314.103 3898627
118.75 0.973375 315.402 5680127
118.772 0.973557 315.764 4779764
118.787 0.973679 317.329 4103232
118.856 0.97424 317.726 3897650
118.879 0.97443 318.208 4355721
119.287 0.977777 318.605 5433239
119.315 0.978004 319.609 6765344
119.337 0.978184 320.427 4771465
119.353 0.978316 322.329 5433634
119.362 0.978389 322.408 4752296
119.42 0.978868 322.498 4776851
119.561 0.980024 322.983 6479348
119.601 0.980349 322.999 4104639
119.608 0.980408 324.393 6273992
119.63 0.980588 324.628 5574430
119.689 0.981069 324.83 4391372
119.817 0.982119 326.899 5680293
119.895 0.98276 327.973 7330665
119.999 0.983608 329.077 4181649
120.02 0.983785 329.158 6850133
120.064 0.984148 329.158 5573928
120.077 0.984248 329.374 4175688
120.111 0.984531 330.95 4177168
120.123 0.984626 331.291 4355400
120.178 0.985079 333.283 5007663
120.193 0.985206 334.846 880374
120.237 0.985562 335.194 7202286
120.27 0.985832 335.691 5691415
120.277 0.985895 336.771 4277914
120.318 0.986227 336.9 5691933
120.349 0.986478 336.922 5680002
120.595 0.988497 337.027 7258310
120.609 0.988613 338.351 5574627
120.764 0.98988 338.818 4175701
120.799 0.990168 339.766 3231287
120.815 0.990298 339.84 3377587
120.822 0.990361 339.991 5544949
120.836 0.990475 340.069 4858012
120.85 0.990587 341.934 4858236
120.878 0.990813 342.441 5682858
120.899 0.990988 342.664 2497073
121.016 0.991948 344.865 3229962
121.053 0.992249 347.85 5489673
121.055 0.992269 348.285 5680327
121.089 0.992544 353.265 4178216
121.113 0.992744 358.97 31160
121.15 0.99305 360.07 5432134
121.165 0.993172 360.525 4347997
121.231 0.99371 361.311 7646202
121.241 0.993796 362.053 4175698
121.25 0.993865 362.208 6850074
121.273 0.994051 363.689 4177230
121.286 0.994159 363.765 954410
121.292 0.994207 365.445 3232155
121.385 0.994974 368.246 6849438
121.419 0.995247 368.576 5433448
121.46 0.995588 369.865 6842996
121.474 0.995698 370.565 3897733
121.479 0.995746 375.159 3414686
121.515 0.996035 377.658 4276948
121.547 0.996301 381.655 5432267
121.56 0.996404 381.763 4175276
121.57 0.996489 384.613 5764413
121.61 0.99682 386.632 6849956
121.627 0.996954 386.696 7150627
121.642 0.997078 389.844 5679912
121.673 0.997335 390.931 5432742
121.678 0.997376 390.965 4183299
121.687 0.997444 392.768 5680580
121.713 0.99766 395.981 2382004
121.729 0.99779 401.584 664403
121.744 0.997918 401.918 44677
121.755 0.998005 406.323 140559
121.78 0.998214 406.658 3231444
121.796 0.998344 411.836 3231558
121.851 0.998793 418.026 6850390
121.857 0.998839 420.754 5349185
121.888 0.999094 423.179 4180863
121.896 0.99916 429.044 3232055
121.907 0.99925 433.076 5219513
121.923 0.99938 443.897 3734185
121.931 0.999446 450.459 5431604
121.947 0.999577 453.611 4671703
121.951 0.999609 472.016 4174368
121.966 0.999736 482.769 4183948
121.981 0.999857 505.681 4771801
121.998 1 524.532 5432866
