Unknown 4 358 358 358 358 float/unsigned
CumulativeMeasure | CDF | Dose | TetraID
0.00110677 3.47276e-05 0 2757324
0.00206097 6.4668e-05 0 3821071
0.00282809 8.87382e-05 0 2760256
0.004592 0.000144085 0 2863295
0.00492187 0.000154436 0 3820805
0.00577397 0.000181172 0 3820705
0.00678119 0.000212776 0 3017048
0.00764586 0.000239907 0 6617723
0.00777027 0.000243811 0 3820222
0.00819855 0.000257249 0 3017184
0.00841844 0.000264149 0 2759291
0.0107267 0.000336574 0 2757686
0.010954 0.000343709 0 2757642
0.0115308 0.000361806 0 2757641
0.0130285 0.000408801 0 2757393
0.0141552 0.000444154 0 384277
0.0154442 0.000484598 0 3453909
0.0165078 0.000517973 0 3821334
0.016946 0.00053172 0 2757061
0.0179107 0.000561992 0 2505415
0.0196996 0.00061812 0 3453664
0.0202543 0.000635526 0 3821460
0.0206341 0.000647444 0 3453624
0.021488 0.000674239 0 3453016
0.0227945 0.00071523 0 3453303
0.0229965 0.000721569 0 3822600
0.0232982 0.000731038 0 3453466
0.0236402 0.000741767 0 33882
0.0250717 0.000786684 0 4723395
0.0261025 0.000819028 0.343173 3453493
0.0267523 0.000839418 0.385567 2673399
0.0279616 0.000877361 1.02572 3452655
0.0324327 0.00101765 1.59614 2758588
0.0335556 0.00105289 1.99473 3453444
0.0342053 0.00107327 4.94472 495985
0.0347575 0.0010906 6.81829 2757053
0.0357145 0.00112063 7.58452 3821186
0.0365081 0.00114553 12.7684 3452094
0.0379209 0.00118986 15.983 2758133
0.0391048 0.00122701 16.7913 3452708
0.0401978 0.0012613 17.8797 3017793
0.0406604 0.00127582 18.8291 3017795
0.043126 0.00135318 21.3303 3822116
0.0437367 0.00137234 23.57 3453907
0.0447352 0.00140367 31.0596 3017601
4.05559 0.127254 41.201 4075543
4.05906 0.127363 51.3828 2670230
4.06189 0.127452 54.1599 3454126
4.0639 0.127514 55.0017 2760176
4.06499 0.127549 55.3712 3179007
4.06535 0.12756 67.0858 2761021
4.0677 0.127634 67.8349 3453135
4.06992 0.127703 68.2658 6423114
4.07213 0.127773 73.1311 3453294
4.07683 0.12792 76.8431 2260622
4.07837 0.127969 82.2846 2820800
4.08234 0.128093 87.8509 2760465
4.08303 0.128115 88.1337 3453838
4.08565 0.128197 89.4537 3450644
4.08619 0.128214 91.5292 3454072
4.08774 0.128263 103.444 2759212
4.09207 0.128398 106.468 2760294
4.09243 0.12841 106.683 160553
4.09645 0.128536 108.313 6201454
4.0979 0.128581 108.624 3451568
4.10021 0.128654 109.705 3180264
4.10435 0.128784 111.524 3453653
4.11522 0.129125 115.106 3452504
4.11582 0.129144 117.763 3453846
4.12745 0.129509 118.499 3453130
4.12993 0.129586 118.585 4594878
4.13408 0.129716 129.914 2757471
4.13603 0.129778 132.338 2758408
4.1368 0.129802 133.408 2672470
4.15156 0.130265 133.574 2669294
4.15908 0.130501 134.678 3452871
4.16232 0.130603 142.245 2664990
4.16492 0.130684 144.07 3453467
4.1776 0.131082 144.732 2375968
4.18635 0.131357 144.785 2759286
4.19952 0.13177 144.975 2259897
4.2014 0.131829 147.258 2862334
4.22307 0.132509 148.056 3453022
4.22652 0.132617 148.229 3453650
4.24185 0.133098 153.757 3453166
4.25781 0.133599 153.925 3452278
4.26046 0.133682 158.77 3017610
4.27022 0.133988 161.111 2758737
8.20848 0.257561 162.363 6072380
8.2159 0.257793 167.676 2760367
8.22029 0.257931 167.95 3453404
8.25025 0.258871 168.896 2758580
8.25738 0.259095 169.733 3821096
8.27443 0.25963 169.74 2758672
8.27646 0.259694 170.295 2670777
8.27877 0.259766 171.903 2915189
8.29109 0.260153 173.044 2757417
8.29527 0.260284 177.283 2860340
12.3055 0.386115 178.669 809737
12.3094 0.386236 180.53 3453403
12.3151 0.386414 180.779 3453203
12.3575 0.387746 182.268 3451384
12.3613 0.387865 182.526 3452648
12.401 0.38911 184.824 6200460
12.4144 0.38953 185.738 2669748
12.4155 0.389565 186.363 2924099
12.4162 0.389587 186.364 3453827
12.4193 0.389685 186.695 3453504
12.4316 0.390071 186.783 3821032
12.4329 0.390113 187.78 3452917
12.4405 0.39035 188.368 3289503
12.451 0.390681 189.413 3452124
12.4606 0.390981 189.998 3821101
12.4849 0.391745 192.145 3451207
12.491 0.391935 193.143 567986
12.4953 0.392069 196.086 3821054
12.5317 0.393211 196.894 2758261
12.5339 0.39328 198.661 2759756
12.5498 0.393781 199.017 3821088
12.5573 0.394014 200.217 3452690
12.5637 0.394217 201.193 3821383
12.5696 0.3944 202.079 3453759
12.5744 0.394551 202.213 2261788
12.5809 0.394755 206.092 6992342
12.5872 0.394953 207.249 3453210
12.6448 0.39676 208.237 3453894
12.6699 0.397548 208.476 6200472
12.6888 0.398141 208.512 3453592
12.7555 0.400235 210.002 2860645
12.767 0.400596 210.142 3453292
12.8045 0.40177 213.689 3452663
12.8223 0.402331 215.192 2670468
12.8453 0.40305 216.418 3820387
12.8863 0.404339 217.563 3015451
12.8883 0.404402 217.627 3821062
12.918 0.405334 218.789 3821052
12.9202 0.405402 219.741 3453330
12.921 0.405427 220.272 3821110
13.0863 0.410613 222.183 3453137
13.1001 0.411045 222.36 2670374
13.1039 0.411165 222.856 3453789
13.1319 0.412044 223.442 2861128
13.139 0.412266 223.542 2758522
13.1439 0.412422 224.052 2757689
13.1526 0.412695 224.597 3452956
13.1535 0.412721 225.02 3452580
13.1549 0.412765 225.198 3452884
13.1874 0.413785 226.076 3020322
13.1928 0.413955 226.325 2760382
13.1943 0.414004 226.444 2861292
13.1975 0.414104 230.086 3453479
13.2019 0.414241 231.48 3453643
13.2339 0.415246 235.242 3452037
13.3023 0.417393 237.77 3453494
13.3098 0.417627 238.736 3453284
13.3362 0.418456 240.092 3453289
13.3838 0.419949 241.155 3451962
13.4219 0.421145 241.774 2202236
13.4435 0.421821 242.517 3821030
13.4562 0.42222 243.139 3452376
13.4631 0.422436 243.852 3450180
13.4661 0.42253 244.467 3452979
13.5057 0.423772 245.457 2759142
13.5121 0.423973 245.472 2758365
13.5134 0.424015 247.456 3452736
13.5552 0.425325 247.919 3452812
13.5636 0.425592 251.306 3452629
13.5652 0.425641 255.207 2757364
13.5894 0.426399 255.663 2756491
13.6143 0.427181 257.467 6201540
13.6362 0.427868 260.874 6736185
13.6374 0.427905 261.543 2759726
13.6395 0.427973 261.684 3453661
13.6428 0.428077 262.829 159762
13.6488 0.428265 263.452 2669759
13.6499 0.428299 264.745 3016287
13.6709 0.428957 265.768 3452895
13.6854 0.429412 266.874 2673432
13.7204 0.430511 268.425 3288186
13.7389 0.43109 272.087 2758582
13.7438 0.431245 273.176 44928
13.7861 0.43257 273.471 6200994
13.8891 0.435803 273.743 3453885
13.9232 0.436874 273.99 3452910
14.0108 0.439621 274.645 2262810
14.0138 0.439716 274.879 3453746
14.0166 0.439805 276.07 3821047
14.0184 0.439861 276.323 3452665
14.0209 0.439939 276.88 3821083
14.0297 0.440216 278.134 573271
14.0455 0.440712 279.986 6201461
14.0524 0.440929 280.807 1949560
14.0818 0.441849 281.475 3821031
14.2101 0.445875 283.458 3451860
14.2153 0.446037 283.846 96616
14.2191 0.446157 283.91 6909450
14.2284 0.446449 284.684 3453188
14.2302 0.446506 285.272 3015446
14.3218 0.44938 285.889 3453136
14.3237 0.44944 287.294 3024286
14.3343 0.449772 287.354 2757623
14.4025 0.451913 287.614 3821266
14.4074 0.452068 288.681 567202
14.4452 0.453254 290.612 2760427
14.4495 0.453387 291.635 3453725
14.4582 0.45366 293.749 3289979
14.4899 0.454656 296.452 3820572
14.4934 0.454766 297.046 3454203
14.5 0.454972 297.672 5081590
14.5037 0.455088 298.301 2759598
14.5105 0.455301 298.343 3453139
14.5322 0.455982 298.394 2756922
14.5336 0.456027 298.656 1498
14.5348 0.456065 300.234 3453123
14.5526 0.456622 300.96 2391320
18.5634 0.582472 301.301 7480083
18.567 0.582584 302.994 2759287
18.5748 0.582828 303.048 2671222
18.5824 0.583068 305.48 6733066
18.5962 0.583501 305.994 2759653
18.6712 0.585852 308.088 5080855
18.676 0.586004 309.535 3453217
18.6819 0.58619 310.133 2759676
18.6869 0.586347 311.023 2757496
18.689 0.586411 312.997 3453631
18.6903 0.586454 314.682 3453036
18.7248 0.587536 315.362 3453186
18.7647 0.588788 315.551 2575227
18.7664 0.588839 317.828 3821094
18.7756 0.589128 318.449 3453826
18.7769 0.58917 318.859 2758966
18.7879 0.589516 319.751 3453668
18.8252 0.590685 320.874 3453290
18.883 0.592499 321.517 2860569
18.8984 0.592983 321.967 6736184
18.9033 0.593135 322.684 2758811
18.9102 0.593353 323.401 2261801
18.9217 0.593715 323.413 2759805
18.9855 0.595715 324.241 3821544
19.0017 0.596223 324.894 544820
19.0029 0.59626 326.234 3453967
19.0084 0.596434 326.544 174300
19.0561 0.597932 331.739 6911121
19.0753 0.598532 333.524 3454084
19.0907 0.599018 334.14 495964
19.1211 0.599969 334.662 60165
19.1237 0.600052 334.914 3450932
19.1351 0.600409 335.787 2758990
19.1418 0.600619 335.87 3821265
19.1451 0.600723 337.074 3452172
19.1504 0.600889 338.735 545350
19.1533 0.60098 341.009 3451815
19.2213 0.603113 342.37 2757587
19.233 0.603483 343.258 2870088
19.2375 0.603622 343.735 3821393
19.2583 0.604276 345.151 2669739
19.263 0.604424 350.291 3453727
19.2697 0.604633 350.814 3453632
19.2991 0.605554 351.127 608054
19.3427 0.606924 354.278 2670929
19.3466 0.607046 355.879 2670521
19.3475 0.607074 364.321 328130
19.3573 0.607383 365.425 568410
19.3665 0.607669 365.535 2673384
19.3686 0.607735 366.923 3015450
19.3703 0.60779 370.637 3454138
19.3742 0.607911 373.015 3453791
19.379 0.608063 373.079 2256585
19.382 0.608157 377.541 3452706
19.3861 0.608286 378.449 78975
23.3971 0.73414 380.467 809643
23.3982 0.734174 383.599 1404501
23.4034 0.734336 384.782 174346
23.4072 0.734456 387.036 3453731
23.4306 0.735192 389.377 5081263
23.4456 0.735663 391.803 2756991
27.4566 0.861517 391.819 1221929
27.4633 0.861728 392.602 3821093
27.4715 0.861983 396.367 6735272
27.4835 0.862359 397.435 3451100
27.5005 0.862892 397.595 3023537
27.5089 0.863157 399.178 3453621
27.5276 0.863744 399.669 3452036
27.5451 0.864292 401.441 328202
27.5608 0.864787 404.973 3452304
27.5644 0.864899 405.75 3452739
27.5668 0.864973 407.362 3451495
27.5962 0.865896 412.963 2758581
27.5971 0.865926 415.415 3452660
27.6177 0.86657 422.161 2760424
27.6206 0.866663 423.931 3453026
27.6256 0.866819 425.11 3452482
27.627 0.866863 425.406 2864001
27.6285 0.866911 427.748 2758947
27.6368 0.867171 432.399 6200222
27.6415 0.867319 434.414 3452914
27.6545 0.867726 435.596 2673740
27.6606 0.867918 443.971 3452355
27.6705 0.868227 450.022 2759083
27.6818 0.868583 450.335 3452897
27.6838 0.868646 456.438 3453492
27.6847 0.868674 457.111 2758384
27.6894 0.868819 458.176 3453655
27.6899 0.868838 459.971 3454074
27.6958 0.869023 462.288 173012
27.6975 0.869075 463.986 3453625
27.7032 0.869254 464.205 3452754
27.7109 0.869496 466.15 2672854
27.7194 0.869761 467.177 3453267
27.7377 0.870335 468.489 3821097
27.7387 0.870369 469.468 2172188
27.7409 0.870436 472.964 3287317
27.7435 0.870519 484.406 3453495
27.7495 0.870707 487.386 3821100
27.7617 0.87109 487.98 2671233
27.7848 0.871814 495.679 3450616
27.7935 0.872086 501.216 2869964
27.7985 0.872243 504.221 2760241
27.8024 0.872366 533.747 2758929
27.8048 0.872442 539.013 3451749
27.8054 0.87246 542.327 2873184
27.8085 0.872557 545.739 2759818
27.8096 0.872592 547.243 25993
31.8206 0.998446 550.284 3055858
31.8223 0.998502 569.548 3453895
31.8237 0.998546 572.399 3452626
31.8294 0.998722 573.642 4021755
31.8351 0.998901 575.431 2757744
31.8363 0.998939 590.044 2862537
31.8407 0.999078 592.396 3017538
31.8415 0.999104 609.643 3452700
31.8425 0.999136 612.572 3452901
31.8439 0.999177 648.837 3821079
31.8458 0.999239 670.89 2757249
31.8481 0.999311 695.687 2202234
31.8491 0.999343 744.932 2671805
31.8497 0.999361 755.306 3020249
31.851 0.999401 761.396 3451753
31.8532 0.999471 762.062 3450547
31.8553 0.999535 766.312 2859931
31.8558 0.999551 796.915 2757597
31.8569 0.999586 810.27 3820955
31.8576 0.999608 815.124 3679218
31.8582 0.999626 827.04 2758566
31.8597 0.999674 840.249 3454085
31.8602 0.99969 873.701 3821456
31.8611 0.999719 875.275 3452900
31.8617 0.999737 910.804 2197624
31.8624 0.99976 931.972 1632745
31.8636 0.999798 944.235 2862894
31.8646 0.999828 956.967 2760133
31.8648 0.999835 1011.37 3821635
31.8656 0.999859 1047.46 3453092
31.8673 0.999913 1270.38 3454041
31.8682 0.999942 1326.15 3453932
31.8687 0.999956 1336.13 3017174
31.8697 0.999989 1731.75 1563355
31.8701 1 2831.98 3822599
