Unknown 4 719 719 719 719 float/unsigned
CumulativeMeasure | CDF | Dose | TetraID
0.0100399 8.22952e-05 19.1418 6559114
0.0184317 0.000151082 45.9188 6850074
0.0222687 0.000182533 58.6974 3192809
0.0380636 0.000312001 59.7435 1531434
0.0490327 0.000401913 61.8647 5219513
0.0513981 0.000421302 62.2137 5680327
0.0724664 0.000593995 70.215 7820300
0.078737 0.000645394 76.0615 4175769
0.0885051 0.000725461 76.1146 3232229
0.104372 0.000855522 76.5717 3377587
0.109852 0.000900435 77.6565 972097
0.120665 0.000989071 77.7173 5433447
0.136791 0.00112125 79.7143 5433634
0.140765 0.00115382 81.6255 4174368
0.14946 0.0012251 82.4109 4174518
0.160034 0.00131177 90.7873 140559
0.188587 0.00154581 93.6115 3957048
0.206291 0.00169093 93.7128 7151496
0.228833 0.00187571 94.5776 7550729
0.236512 0.00193865 97.1834 3899099
0.311547 0.0025537 99.6471 4104166
0.353091 0.00289423 99.6686 6842996
0.365493 0.00299589 99.9669 3901927
0.399969 0.00327848 100.868 4177168
0.433568 0.00355388 101.385 4178216
0.442529 0.00362734 101.523 5012278
0.454646 0.00372666 102.654 3896640
0.463366 0.00379814 103.113 4184201
0.473328 0.00387979 103.184 4355529
0.49629 0.004068 104.047 4175699
0.501248 0.00410864 104.729 4183299
0.507612 0.00416081 105.25 3895621
0.531982 0.00436057 105.581 31160
0.588417 0.00482315 106.715 7645429
0.603827 0.00494947 107.109 880374
0.731935 0.00599955 107.613 5680293
4.09625 0.0335763 109.582 5574486
4.12055 0.0337755 109.819 4191715
4.13731 0.0339128 112.316 3231800
4.1495 0.0340128 112.527 4175688
4.15935 0.0340935 112.591 6849974
4.19019 0.0343463 112.662 6850109
9.26766 0.0759655 112.907 3898379
9.3177 0.0763757 113.38 3902840
9.36522 0.0767652 113.7 6849967
9.91959 0.0813093 114.583 3897801
9.9471 0.0815348 115.22 5682858
9.96068 0.081646 115.381 3899012
10.6337 0.0871629 116.054 6849743
11.1218 0.0911637 117.522 6767441
11.1965 0.0917761 117.645 6850813
11.2185 0.091956 118.012 4771465
11.2252 0.0920114 118.104 3229921
12.6481 0.103674 118.61 5433212
12.6791 0.103929 119.063 4180863
12.6944 0.104054 119.097 6850150
12.7269 0.10432 119.568 5432267
13.2242 0.108397 119.814 3900481
13.6379 0.111788 120.066 3898118
13.6514 0.111898 120.229 6849657
13.7453 0.112668 120.33 5345878
13.7544 0.112742 121.328 6898662
17.5348 0.14373 121.332 3229793
17.5383 0.143758 121.704 5680320
17.9379 0.147034 122.732 3544219
18.1084 0.148431 122.87 3897993
18.1622 0.148872 123.187 4174215
18.1903 0.149103 123.427 3896349
18.2058 0.14923 123.566 3897700
18.4521 0.151249 123.719 7258310
18.4663 0.151366 123.828 5574627
19.491 0.159765 124.199 5680234
22.9412 0.188046 124.45 7642221
22.9517 0.188131 124.542 4175698
23.0865 0.189236 125.074 5574480
23.1142 0.189463 125.215 6765344
23.1483 0.189743 125.237 5679849
23.3063 0.191038 125.242 7632125
23.3783 0.191628 125.346 4182726
23.4039 0.191838 125.836 3231444
23.8122 0.195184 127.943 5433239
23.8669 0.195633 128.189 6850390
26.687 0.218749 128.474 4572376
26.7832 0.219538 129.055 7030731
26.8778 0.220313 129.407 4018808
27.0927 0.222075 129.871 5680005
27.1052 0.222177 130.971 4175276
27.233 0.223225 130.984 1762207
27.2883 0.223678 131.158 5007663
27.4243 0.224793 131.253 5574318
27.4533 0.22503 131.379 4772767
28.7766 0.235877 131.899 1532774
28.7981 0.236053 131.902 4858024
28.812 0.236167 132.447 3898176
29.4664 0.241531 132.855 3955600
30.0632 0.246423 132.953 5432069
30.0847 0.2466 132.955 6850133
33.6299 0.275659 132.978 3897603
33.6448 0.275781 133.333 4347997
33.7859 0.276937 133.466 6479348
33.8136 0.277165 133.876 6939639
33.8381 0.277365 134.583 4103834
33.9064 0.277926 134.638 3897650
33.915 0.277995 135.243 4183919
33.9627 0.278387 135.925 5347116
33.9877 0.278592 136.378 5431826
34.0266 0.27891 136.419 5682109
34.0405 0.279024 136.806 4858012
36.4947 0.299141 137.094 4104133
36.5157 0.299313 137.171 4754062
36.5554 0.299639 137.832 663933
37.1619 0.30461 138.096 5910133
39.3179 0.322282 138.362 4771304
39.5482 0.32417 138.483 4182371
39.5696 0.324345 138.61 2497073
39.768 0.325972 138.855 5574387
39.7881 0.326137 138.889 4354294
39.8151 0.326358 139.263 3896496
39.9311 0.327309 139.36 622069
39.9696 0.327624 139.404 6849428
40.3895 0.331066 139.494 7632286
41.2675 0.338263 139.75 2117767
41.301 0.338537 139.767 4278132
41.3316 0.338788 139.85 5680002
42.0487 0.344667 140.008 730981
42.1333 0.34536 140.022 4858290
42.2205 0.346075 140.065 5574411
42.2665 0.346452 140.51 3235711
42.3033 0.346753 140.881 5489673
42.3252 0.346933 141.202 5574430
42.5707 0.348945 141.84 4183365
43.2419 0.354447 141.912 5574732
43.3355 0.355214 141.97 6849438
43.5151 0.356686 142.121 6996395
43.6824 0.358058 142.568 5006377
43.7996 0.359018 142.848 3229962
43.9275 0.360067 143.173 4177263
43.964 0.360366 143.444 3901266
44.0593 0.361147 143.505 7632017
44.206 0.36235 144.017 3896279
44.2512 0.36272 144.038 3901501
44.3488 0.36352 144.25 3895884
44.3631 0.363637 144.329 5574414
44.5094 0.364837 144.435 6352497
44.5602 0.365253 144.558 4862410
44.5778 0.365397 144.565 737863
44.5941 0.365531 144.678 7150627
44.7391 0.366719 145.174 5433851
45.2562 0.370957 145.362 4174812
45.2813 0.371163 146.248 5680506
45.4359 0.372431 147.354 4175701
45.4469 0.372521 147.728 6849755
45.4539 0.372578 147.771 5432188
45.4935 0.372903 147.864 4104639
45.5271 0.373178 148.032 5944033
45.7508 0.375012 148.238 4175479
45.8097 0.375495 148.248 5431724
45.8886 0.376142 148.475 4104874
46.3994 0.380329 148.624 4771846
46.5414 0.381492 148.839 5680127
46.5792 0.381802 149.456 1602676
47.7137 0.391101 149.59 4179434
47.7309 0.391242 149.689 3986467
47.7944 0.391763 150.022 6761450
47.8778 0.392447 150.085 5431925
47.8844 0.3925 150.263 6246756
47.9184 0.392779 150.407 3231352
47.9605 0.393124 150.444 7723693
47.9837 0.393315 150.997 5605172
48.0744 0.394058 151.222 4178895
48.1278 0.394495 151.28 6237667
48.1399 0.394594 151.751 4275529
48.4364 0.397025 151.984 4856059
48.456 0.397186 152.398 7631892
48.4734 0.397329 152.566 3897830
48.4904 0.397468 152.954 4523609
48.6592 0.398852 154.036 7546008
48.6706 0.398945 154.086 1453933
48.6805 0.399026 155.024 3890632
48.7172 0.399327 155.706 5680101
48.7309 0.39944 155.737 5431926
48.8812 0.400671 155.956 3896739
48.8931 0.400769 156.408 3886738
49.1209 0.402636 157.378 5433854
49.1612 0.402967 157.71 5679803
49.3686 0.404666 158.713 4175281
50.2967 0.412274 159.151 4672439
50.5221 0.414121 159.271 5565405
50.5624 0.414452 159.398 6849956
50.7007 0.415586 159.79 3658584
50.7199 0.415742 159.843 3957376
51.0017 0.418053 160.61 3231460
51.1052 0.418901 160.949 4181649
51.1282 0.419089 161.049 5680294
51.1404 0.41919 161.273 4770871
51.2159 0.419809 162.656 6994587
51.2899 0.420415 162.863 16991
51.7732 0.424376 163.107 4104620
52.4789 0.430161 163.308 812361
52.4949 0.430292 164.826 3896583
52.5162 0.430467 164.962 4182803
52.5251 0.43054 165.18 4752296
52.5335 0.430608 165.708 5434462
52.5778 0.430972 165.861 5573928
52.6117 0.431249 166.255 5574558
52.635 0.43144 166.364 4355721
52.6853 0.431853 166.486 3957254
52.7204 0.43214 166.592 3231287
52.7986 0.432781 166.713 7330665
52.8299 0.433038 166.724 5432742
52.8898 0.433529 166.841 3232847
52.9043 0.433648 166.856 5572845
52.9171 0.433753 167.618 6850132
53.1513 0.435672 168.194 3959218
53.2419 0.436415 168.337 5432643
53.5269 0.438751 168.422 2117786
53.6499 0.439759 168.567 6850391
53.8678 0.441545 169.212 620058
53.9036 0.441839 169.28 4175522
53.9211 0.441982 169.661 6457475
54.0068 0.442684 169.834 5574409
54.295 0.445047 169.835 4861597
54.6786 0.448191 170.248 4771778
54.7126 0.44847 170.363 4175278
55.3263 0.4535 170.83 4855689
55.3386 0.453602 171.016 3957019
55.4136 0.454217 171.401 4184116
55.4466 0.454487 171.836 5691415
55.75 0.456974 172.907 6959402
55.8281 0.457614 172.951 3957306
55.9276 0.458429 173.263 6849951
55.9412 0.458541 173.348 7801708
55.9848 0.458898 173.595 7202286
56.007 0.45908 173.723 4779764
56.0789 0.459669 173.919 5353992
56.2788 0.461308 174.394 4774896
56.3178 0.461628 174.488 6139762
56.3518 0.461907 174.853 6764521
56.4861 0.463007 175.329 4864300
56.5486 0.463519 176.599 3897198
56.5551 0.463573 177.057 3230932
56.5655 0.463659 177.179 5764413
56.5796 0.463774 177.763 665112
56.5928 0.463882 177.78 954410
56.6075 0.464002 178.202 4771801
56.6339 0.464218 178.942 2382004
56.6461 0.464319 178.947 4665716
56.6698 0.464513 179.029 4669270
56.7831 0.465441 179.272 1454791
56.7993 0.465574 179.278 6140986
56.9873 0.467116 179.33 5432698
57.0031 0.467245 179.613 3231558
57.0688 0.467783 180.144 7646202
57.0759 0.467842 180.217 3898145
57.1057 0.468086 180.719 4184021
57.2332 0.469131 181.182 4175173
57.2517 0.469283 181.328 5680321
57.2679 0.469416 181.512 4016207
57.3288 0.469915 181.808 4672723
57.3759 0.470301 181.854 4275950
57.5175 0.471462 182.013 3896668
57.5325 0.471585 182.688 3957021
57.5648 0.471849 183.753 3897129
57.657 0.472605 184.38 621345
57.6686 0.4727 185.468 4355400
57.6834 0.472822 185.485 5431563
57.7376 0.473265 185.931 6767428
57.8586 0.474258 186.145 5432841
57.8705 0.474355 186.263 6312171
57.8782 0.474418 186.525 5544949
57.9492 0.475 186.541 3232044
57.955 0.475047 186.821 5349185
57.9828 0.475276 187.639 5953996
58.0087 0.475488 187.775 7645678
58.0278 0.475644 188.14 4827683
58.0631 0.475934 188.342 4276948
58.0964 0.476206 188.347 1578023
58.1199 0.476399 189.756 1406568
58.2038 0.477087 189.809 5163788
58.2231 0.477245 190.062 3231719
58.2281 0.477286 190.076 3740479
58.2687 0.477619 190.501 5691933
58.3638 0.478399 191.167 7344392
58.3773 0.478509 191.71 3897733
58.427 0.478916 192.78 4175319
58.5261 0.479729 192.913 5655967
58.5593 0.480001 193.207 1290252
58.5714 0.4801 193.277 145276
58.5798 0.480169 194.05 5680580
58.5924 0.480272 195.052 4276230
58.608 0.4804 195.479 4769199
58.6665 0.480879 196.621 4776851
58.6788 0.480981 197.022 4477578
58.6947 0.481111 197.107 4671703
58.7312 0.48141 197.319 3897412
58.7453 0.481525 197.877 4183194
58.7626 0.481668 198.169 4774847
58.7956 0.481938 198.294 5679913
58.9072 0.482852 198.361 5765269
58.9535 0.483232 198.515 98424
58.964 0.483318 199.001 4776666
59.0034 0.483641 199.172 5680285
59.0092 0.483689 199.821 3414686
59.0361 0.48391 200.092 5193417
59.0462 0.483992 200.242 4771429
59.1049 0.484473 200.544 4391372
59.1422 0.484779 201.624 5432134
59.1571 0.484901 201.663 4103232
59.1697 0.485005 201.848 3231668
59.2249 0.485457 201.903 3872970
59.2518 0.485677 201.959 4175687
59.2629 0.485769 202.699 7334398
59.281 0.485917 202.973 6765012
59.3399 0.486399 203.497 7632120
59.4024 0.486912 203.535 7602085
59.4183 0.487042 203.613 3734185
59.4446 0.487257 203.714 3898627
59.4643 0.487419 203.885 1971060
59.4799 0.487547 204.528 44677
59.6567 0.488996 204.653 3899450
59.6901 0.48927 205.868 5433448
59.7463 0.48973 206.089 7324622
59.7905 0.490093 206.094 3908602
60.4023 0.495107 206.355 3770290
60.4226 0.495274 206.486 4183363
65.4975 0.536873 206.899 1489586
65.5231 0.537082 207.331 1580842
65.5408 0.537227 207.345 3898433
65.5584 0.537371 207.394 3740345
65.5762 0.537517 207.505 5680322
65.5917 0.537644 207.546 3897366
65.5998 0.537711 207.652 3232055
65.6079 0.537778 207.809 3897500
65.6661 0.538254 208.287 7654296
65.8672 0.539902 208.705 4771936
65.8821 0.540024 209.37 3232287
65.925 0.540376 209.519 4224241
65.9377 0.540481 209.565 4277608
65.9535 0.54061 209.6 664403
65.9682 0.540731 209.902 3890408
65.9859 0.540876 210.186 5680505
66.1016 0.541824 211.113 4172832
66.1292 0.54205 213.223 64293
67.7268 0.555146 213.519 3769928
67.7419 0.55527 213.785 387538
67.7675 0.555479 213.802 4772228
67.8439 0.556105 213.822 3939867
67.8508 0.556162 214.46 62550
67.9072 0.556624 214.742 7461971
67.9152 0.55669 215.257 1665291
68.0143 0.557502 215.753 3945292
68.0362 0.557682 215.886 5573497
68.1396 0.558529 216.08 3841015
68.1757 0.558825 216.3 5567465
68.2351 0.559312 216.517 7631185
71.86 0.589025 216.577 1490579
71.9003 0.589355 217.086 441812
71.9282 0.589583 218.49 6495933
71.9374 0.589659 218.6 5656718
71.9789 0.589999 218.605 3986266
72.052 0.590598 219.338 3306534
72.0913 0.59092 219.846 1850540
72.1114 0.591085 220.376 3280360
72.8678 0.597286 220.967 3907880
72.8941 0.597501 221.725 3804160
72.9168 0.597687 222.192 4177230
73.5877 0.603186 223.154 7117306
73.6086 0.603357 223.28 2010537
73.6394 0.60361 223.354 4535986
73.8488 0.605327 224.781 4613129
74.3789 0.609672 224.835 6303565
74.3848 0.60972 224.965 3232155
74.4025 0.609865 225.203 3840698
74.4436 0.610202 225.292 5572467
74.4509 0.610262 226.053 3956768
74.4664 0.610389 226.117 55359
74.4946 0.61062 226.4 6272998
74.6417 0.611826 226.73 4276684
74.6632 0.612002 226.951 3897134
75.054 0.615205 227.288 8018025
75.0717 0.61535 227.479 7544913
76.5328 0.627327 227.589 1489573
77.0052 0.631199 227.774 1489446
77.2924 0.633553 228.346 3908885
77.8978 0.638515 229.042 3770237
79.4701 0.651404 229.502 3770297
79.5112 0.65174 229.989 3885098
79.5758 0.65227 230.248 1971021
79.6015 0.65248 231.337 2381082
80.1564 0.657029 231.524 3908793
80.1711 0.657149 231.636 5349236
80.2079 0.657451 232.032 3908112
80.5373 0.660151 232.165 6407459
81.4861 0.667928 232.516 3740560
81.5204 0.668209 232.818 4670548
84.3614 0.691497 233.269 3908604
84.3802 0.691651 233.298 1498877
84.4045 0.69185 233.349 3990806
85.6397 0.701975 234.141 3770369
86.6562 0.710307 234.435 2058078
86.6645 0.710375 234.739 5354190
86.715 0.710789 234.797 1906692
87.3147 0.715704 234.814 3908886
88.1021 0.722159 235.156 3771053
88.1832 0.722823 235.787 3861037
88.1905 0.722883 235.926 3851203
88.201 0.722969 235.929 5765452
88.225 0.723166 236.15 5943825
88.2333 0.723234 236.351 3739877
88.2526 0.723392 236.443 3987447
88.2591 0.723446 237.364 3060941
88.2788 0.723607 237.6 3740761
88.2936 0.723728 238.6 2117768
88.4004 0.724604 238.602 3850063
88.4589 0.725083 239.546 3845793
88.4724 0.725194 239.718 1913649
88.5221 0.725601 239.978 3740591
88.6995 0.727055 240.154 4126023
88.7146 0.727179 240.89 3277464
88.7278 0.727287 240.901 1999979
88.741 0.727396 241.69 7601246
88.9504 0.729111 242.106 5225803
89.0106 0.729605 242.499 3897130
90.117 0.738674 243.246 6349190
90.1299 0.73878 244.012 5943783
92.4816 0.758057 244.017 1971059
92.5274 0.758432 244.396 6513834
92.6337 0.759303 244.519 722530
92.6492 0.75943 245.09 4183948
92.6754 0.759645 245.192 3740716
92.7513 0.760267 245.272 1999721
92.7724 0.76044 245.467 3740191
92.7981 0.760651 246.53 7887338
92.8653 0.761202 246.742 64304
92.8813 0.761333 247.569 3889817
92.9271 0.761708 247.804 6408452
92.9418 0.761829 248.383 4854631
93.0154 0.762432 248.549 1789279
93.0329 0.762575 248.74 5432866
93.1351 0.763413 250.642 5694972
93.1538 0.763567 252.021 1722736
93.4098 0.765665 252.204 6139137
93.4675 0.766137 252.491 2043519
93.4772 0.766218 252.93 3898412
93.8826 0.76954 253.109 7454084
93.9181 0.769831 253.303 4174766
93.9281 0.769913 254.203 1939100
94.2449 0.77251 254.604 5656262
94.2593 0.772628 255.3 3736054
94.2733 0.772743 255.523 3740871
94.3017 0.772975 255.877 6763953
94.3077 0.773025 256.627 5571553
94.6876 0.776139 256.813 3848579
94.7035 0.776269 257.407 3907996
94.7963 0.77703 257.496 1916008
95.1385 0.779834 257.547 3891560
95.1571 0.779987 257.592 1909766
95.1754 0.780137 257.612 1786326
95.2623 0.78085 257.636 1725065
95.271 0.780921 257.638 3896043
97.3635 0.798073 257.765 119521
97.3937 0.79832 258.236 7810871
99.6366 0.816705 258.377 3885736
99.7407 0.817558 258.743 3770086
101.875 0.835054 259.044 4119615
101.902 0.835276 259.282 7517412
101.913 0.83536 259.378 1915942
101.944 0.835621 259.513 4787898
104.006 0.852517 260.198 3907977
104.094 0.85324 260.596 3885594
104.115 0.853416 260.604 1580110
104.171 0.853871 261.52 3739209
104.262 0.85462 261.734 2044269
104.293 0.85487 261.897 1916941
104.325 0.855137 262.16 3842908
104.385 0.855623 262.28 3986197
104.412 0.855849 262.813 3893340
104.575 0.857187 263.493 4191889
105.473 0.864543 263.881 4190110
105.546 0.865144 264.046 88046
105.826 0.867437 264.627 2001445
106.47 0.87272 264.701 1906816
106.538 0.873278 264.818 3740103
106.566 0.873501 265.071 3740588
106.589 0.873692 265.14 3740798
106.648 0.874176 265.25 7037130
106.698 0.874584 265.273 6273149
106.711 0.874696 265.438 4277824
106.722 0.87478 265.46 1789409
106.732 0.874869 265.513 7771219
106.83 0.875672 265.615 1370037
106.843 0.875778 265.657 1723249
106.972 0.876829 265.7 3770109
106.979 0.876888 265.899 6742012
106.989 0.876967 266.544 1915646
107.002 0.877076 266.698 5453601
107.053 0.877498 266.716 3512198
107.063 0.87758 267.875 3231553
107.124 0.878079 268.313 324376
107.132 0.878141 268.315 2058249
107.139 0.878203 269.229 5680292
107.196 0.878665 269.485 3739129
107.219 0.878853 269.721 1967832
107.266 0.879242 270.29 3740717
107.278 0.879341 271.796 1722690
107.289 0.879428 273.953 3740295
107.301 0.879532 274.504 2348343
107.345 0.879893 274.881 6406378
107.506 0.88121 276.643 2109630
107.525 0.881366 277.336 4181977
107.768 0.883354 277.482 4193088
107.846 0.883995 277.59 3907870
107.9 0.884441 277.737 7572300
107.908 0.884503 278.209 4277914
108.061 0.885755 278.693 4820325
108.091 0.886004 278.793 4187796
108.18 0.886735 278.829 3907672
108.199 0.886888 279.716 3929005
108.243 0.887248 279.723 4123851
108.314 0.887828 280.299 3906749
108.364 0.888239 281.315 7385948
108.443 0.888889 281.34 3052978
108.664 0.890698 281.503 224615
108.686 0.89088 281.546 4006159
108.701 0.891004 281.925 1425032
108.716 0.891129 282.565 6273148
109.118 0.89442 282.566 7516542
109.22 0.895258 282.79 3885611
109.25 0.895507 283.073 3740344
109.581 0.89822 283.436 3908338
109.615 0.898497 283.516 4068981
109.629 0.898612 284.466 7524148
109.869 0.900582 284.658 7510561
109.962 0.901338 285.331 4070526
110.059 0.902139 286.39 4736421
110.1 0.902469 286.402 7453753
110.132 0.902731 286.994 3770980
110.389 0.904842 287.493 7116870
111.179 0.911313 287.605 3908336
112.155 0.919319 287.621 1845252
112.259 0.920168 287.835 1490106
112.268 0.920245 288.585 3770287
112.292 0.920441 288.689 2001567
112.306 0.920553 288.824 4858236
112.36 0.920996 289.131 3740236
112.395 0.921284 289.61 1914897
112.419 0.921479 290.016 6741421
112.448 0.921721 290.195 1916755
112.472 0.921913 290.575 2058356
112.558 0.92262 290.631 243143
112.698 0.923769 290.636 1023166
112.726 0.923999 291.045 2059684
112.842 0.924944 291.537 1537852
112.893 0.925364 291.896 4574203
113.301 0.92871 292.907 3887416
113.316 0.928836 293.03 2040145
113.33 0.928951 293.906 1907592
113.346 0.929075 294.725 5679912
113.354 0.929141 295.282 5431604
113.471 0.930104 295.371 7318278
113.542 0.930687 295.524 3891720
113.56 0.930832 295.542 3386551
113.573 0.930941 296.276 4121425
113.597 0.931133 296.627 7425878
113.609 0.931235 297.057 1908070
113.621 0.931333 297.292 1999942
113.642 0.931507 297.465 4068350
113.883 0.933477 297.548 3770299
113.951 0.934038 297.726 3740202
113.988 0.934343 297.803 1815484
114.005 0.934482 297.96 3739825
114.013 0.934546 297.993 2086185
114.059 0.934922 298.287 1370038
114.142 0.935606 298.85 2001401
114.159 0.935739 299.116 3859331
114.634 0.939638 299.374 4191400
114.836 0.941291 299.906 1490740
114.857 0.941461 300.464 3740590
115.628 0.947784 300.53 2258306
115.868 0.949755 300.665 7771098
115.893 0.949954 301.661 2002794
115.92 0.950175 302.08 5011633
116.03 0.951081 302.487 3771048
116.326 0.953506 303.612 1849242
116.355 0.953739 303.779 1276611
116.402 0.954132 303.933 3908534
116.419 0.954267 304.267 229982
116.477 0.954743 304.597 1967731
116.525 0.95514 305.034 3739205
116.54 0.955261 305.107 68164
116.557 0.955403 305.599 1118931
116.603 0.955776 306.219 1343334
116.637 0.956058 307.342 7284304
116.682 0.956424 307.785 3843780
116.697 0.956548 307.989 6888089
116.842 0.957738 308.224 4191042
116.892 0.958145 309.143 4708573
116.919 0.958366 309.537 3052062
116.975 0.958821 309.692 7770793
117.39 0.962229 310.116 187198
117.401 0.962318 310.646 7179580
117.453 0.962743 310.843 4574986
117.468 0.962862 310.868 3740729
117.489 0.963037 311.118 3767932
117.539 0.96345 311.274 7119455
117.766 0.965312 311.298 3770281
117.784 0.965453 312.144 7532430
117.795 0.965549 312.436 7533592
117.966 0.966948 312.667 1851220
118.044 0.967585 313.011 224938
118.093 0.967987 313.084 3770654
118.109 0.968118 313.408 2900841
118.12 0.968211 313.602 2058113
118.182 0.968718 315.508 6748188
118.202 0.968884 316.002 1851124
118.257 0.969337 316.182 3908476
118.265 0.969395 317.674 3740584
118.313 0.969793 317.784 3769526
118.501 0.971333 317.88 4120187
118.592 0.972078 318.524 4704459
118.616 0.972274 318.592 3772115
118.641 0.972485 319.298 3740872
118.731 0.973221 319.345 5357928
118.738 0.973277 319.447 2109995
119.04 0.975755 319.774 3769989
119.056 0.97588 319.902 1684955
119.123 0.976434 320.262 7264220
119.161 0.976742 320.802 3055950
119.196 0.977032 321.374 4120133
119.254 0.977506 322.191 4192456
119.286 0.977767 322.762 1968212
119.327 0.9781 323.171 3906471
119.338 0.978196 323.357 7483831
119.353 0.978319 323.543 3772602
119.365 0.978416 324.637 1907879
119.475 0.97932 324.667 1186647
119.489 0.979433 326.843 5943524
119.506 0.979573 327.954 4576642
119.519 0.979676 328.054 1785460
119.55 0.979931 328.132 7284038
119.577 0.980153 329.077 7426435
119.637 0.980648 329.511 1723945
119.716 0.981296 329.556 2508599
119.832 0.982245 330.014 3740515
119.841 0.982318 331.184 3894293
119.985 0.983495 332.333 2001436
119.995 0.983576 332.789 3739704
120.013 0.983723 332.943 3885379
120.064 0.984149 334.318 3768349
120.186 0.985148 334.368 3908223
120.22 0.985424 334.945 4323035
120.236 0.985557 335.073 7323268
120.266 0.985799 335.336 197007
120.297 0.986054 335.405 3690051
120.383 0.986759 338.028 1136465
120.416 0.987034 338.378 3885023
120.426 0.98711 339.498 7517598
120.465 0.987432 340.061 1276520
120.521 0.987888 340.126 1723946
120.543 0.988074 340.549 4488543
120.561 0.988222 344.331 3740466
120.616 0.988673 344.615 1725567
120.631 0.988793 346.271 3055875
120.64 0.988863 347.068 3740504
120.654 0.988977 347.707 4771209
120.677 0.989168 347.997 3740610
120.693 0.989302 349.919 7459964
120.716 0.989492 350.107 1999971
120.723 0.989545 352.23 7515765
120.735 0.989644 353.551 1787714
120.761 0.989856 353.705 4733879
120.79 0.990095 354.495 1424264
120.91 0.991082 354.596 3740916
120.917 0.99114 355.435 3890185
120.97 0.991568 357.102 3740697
121.06 0.99231 359.996 2001836
121.096 0.992608 360.886 7482441
121.184 0.993324 361.527 7534057
121.195 0.993415 362.25 3891721
121.219 0.993612 364.227 3844366
121.232 0.993715 368.247 3849434
121.26 0.99395 373.733 2747045
121.313 0.994383 373.875 4187445
121.325 0.994483 374.029 2510559
121.37 0.99485 374.657 1906075
121.385 0.99497 380.079 3739933
121.395 0.995057 381.121 1850508
121.43 0.995346 381.298 1790112
121.438 0.995405 381.404 6273992
121.465 0.995625 383.542 3930397
121.486 0.9958 384.454 3986520
121.518 0.99606 384.6 5985849
121.555 0.99637 386.449 3740915
121.632 0.996995 386.821 6581883
121.639 0.997058 392.844 4575100
121.686 0.997438 392.86 1908356
121.709 0.997629 395.838 3849579
121.723 0.997741 403.68 4189444
121.746 0.99793 406.624 1999865
121.754 0.998001 407.452 1908538
121.772 0.998144 407.993 101715
121.785 0.998252 413.715 197820
121.805 0.998413 415.511 6404528
121.824 0.998571 416.401 7484378
121.838 0.998686 417.74 3740615
121.846 0.998752 431.933 3740636
121.864 0.998896 435.539 3986646
121.872 0.998966 441.87 3741142
121.884 0.999065 443.894 3739814
121.892 0.99913 449.383 224553
121.923 0.999386 454.421 7531650
121.93 0.999436 454.724 6400762
121.932 0.999456 466.054 6102373
121.953 0.999629 475.507 4067521
121.975 0.999811 479.526 1999743
121.983 0.999879 502.519 2041363
121.988 0.999914 547.166 1665001
121.992 0.999945 611.366 3739346
121.998 1 633.766 4179566
