Unknown 4 719 719 719 719 float/unsigned
CumulativeMeasure | CDF | Dose | TetraID
0.00758597 6.2181e-05 0 2058249
0.0146149 0.000119796 0 3740584
0.0232306 0.000190417 0 1908538
0.0256489 0.00021024 0 6102373
0.0327526 0.000268468 0.0106996 3890185
0.035118 0.000287857 0.0470829 5680327
0.0388804 0.000318696 0.23917 3739346
0.0509831 0.0004179 0.314532 3739814
0.0608878 0.000499087 0.324805 3890632
0.0755195 0.00061902 0.341713 3055875
0.0890594 0.000730005 0.573098 1913649
0.0983354 0.000806039 0.72756 7517598
0.113401 0.000929532 0.961907 3277464
0.145387 0.00119171 1.03475 3770980
0.156558 0.00128328 1.04213 3891721
0.164521 0.00134855 1.128 1665291
0.183292 0.00150242 1.16208 1722736
0.1966 0.0016115 1.18947 4121425
0.205198 0.00168197 1.19642 3740504
0.225488 0.00184829 1.66051 1851124
0.237701 0.0019484 1.8023 2510559
0.251703 0.00206317 1.9107 3740871
0.260005 0.00213122 1.94981 3739877
0.315723 0.00258793 2.02345 1723946
0.345305 0.0028304 2.07636 1916755
0.363006 0.0029755 2.09677 3840698
0.374894 0.00307294 2.26572 6312171
0.389273 0.0031908 2.4849 3736054
0.400996 0.0032869 2.64501 7533592
0.412995 0.00338525 2.87096 1722690
0.464252 0.00380539 2.87566 4574203
0.478262 0.00392023 2.93704 1907592
0.491255 0.00402673 3.03196 1723249
0.512418 0.0042002 3.06636 3740191
0.535571 0.00438999 3.12592 1999971
0.566382 0.00464254 3.40737 4535986
0.584313 0.00478951 3.49459 3885379
0.592255 0.00485461 3.58919 224553
0.61194 0.00501597 3.74647 1971060
0.635828 0.00521178 3.83371 3772115
0.647016 0.00530348 3.86981 7334398
0.728045 0.00596767 4.17444 3861037
0.831675 0.0068171 4.20951 1490106
0.841933 0.00690118 4.25728 1789409
0.893857 0.00732679 4.30651 4574986
0.920057 0.00754155 4.31258 3740716
0.934026 0.00765606 4.32072 3740615
0.981525 0.0080454 4.32769 3740717
0.997751 0.0081784 4.46978 3859331
1.02526 0.00840389 4.47354 3893340
1.03208 0.00845983 4.55941 2109995
1.04971 0.00860429 4.56602 3740345
1.08604 0.0089021 4.62547 7482441
1.09624 0.0089857 4.72316 1915942
1.12375 0.00921118 4.76271 64293
1.13504 0.00930377 4.89603 2058113
1.37761 0.0112921 4.91836 4193088
1.47562 0.0120954 4.95216 1370037
1.49181 0.0122281 5.05625 6140986
1.60715 0.0131736 5.09538 1537852
1.63426 0.0133958 5.20195 3740588
1.68 0.0137707 5.41457 6408452
1.92033 0.0157406 5.48064 7510561
2.00656 0.0164474 5.59299 243143
2.0116 0.0164887 5.60108 3740479
2.0359 0.0166879 5.61811 2002794
2.11174 0.0173096 5.62321 1999721
2.13261 0.0174806 5.63634 2010537
2.14184 0.0175563 5.6672 5656718
2.24407 0.0183943 5.67146 3885611
2.25229 0.0184616 5.70799 2041363
2.3141 0.0189683 5.71775 6748188
2.4182 0.0198216 5.72983 3770086
2.4351 0.0199601 5.78703 3739825
2.49322 0.0204365 5.83408 1967731
2.50926 0.020568 6.04502 3889817
2.59267 0.0212517 6.06259 2001401
2.63731 0.0216176 6.06617 3843780
2.65867 0.0217927 6.07675 3767932
2.67191 0.0219012 6.08943 1999979
2.74526 0.0225025 6.18842 88046
2.90852 0.0238407 6.19344 4191889
2.91739 0.0239134 6.2469 3894293
2.9417 0.0241126 6.29163 3990806
3.8391 0.0314685 6.40803 4190110
3.88753 0.0318654 6.4182 3739205
3.90078 0.0319741 6.42035 197820
3.93337 0.0322412 6.44741 3842908
4.02072 0.0329572 6.4717 7534057
4.0576 0.0332595 6.55015 3908112
4.43751 0.0363735 6.5683 3848579
4.67782 0.0383433 6.73433 3770299
4.7013 0.0385358 6.74516 7425878
4.75895 0.0390083 6.74693 2043519
4.79006 0.0392633 6.75752 7284038
4.81561 0.0394727 6.76456 1580842
4.84136 0.0396838 6.77466 3740872
4.93185 0.0404255 6.78374 2001836
4.9694 0.0407334 6.798 3055950
4.97594 0.0407869 6.89054 6246756
4.98865 0.0408912 6.89685 2348343
4.99735 0.0409624 6.90357 4174518
5.05373 0.0414246 6.92061 3739129
5.13268 0.0420717 6.94553 2508599
5.1596 0.0422924 6.97318 3052062
5.22678 0.042843 6.98827 64304
5.87131 0.0481262 7.11543 1906816
5.88991 0.0482786 7.14624 1909766
6.29808 0.0516243 7.15796 3887416
6.35591 0.0520983 7.1815 4192456
6.43407 0.052739 7.19401 3907870
6.45371 0.0529 7.19712 3740761
7.40255 0.0606775 7.21291 3740560
7.45306 0.0610915 7.22473 1906692
8.05844 0.0660537 7.2281 3770237
8.67016 0.0710679 7.25006 3770290
8.68085 0.0711555 7.30374 1850508
13.7558 0.112754 7.33347 1489586
13.7961 0.113084 7.4695 7453753
14.0166 0.114892 7.51474 224615
14.0287 0.114991 7.52083 1999942
14.149 0.115977 7.54924 3740916
14.1794 0.116226 7.55462 3740344
14.2037 0.116425 7.56125 4191715
14.2629 0.116911 7.56398 3986197
14.4065 0.118088 7.5674 2001436
14.4246 0.118236 7.60558 3740466
14.455 0.118485 7.63581 4187796
14.4726 0.11863 7.65241 7544913
14.5402 0.119183 7.65465 7264220
14.5694 0.119423 7.67186 1424264
14.6191 0.119831 7.73854 6273149
14.7143 0.120611 7.74944 7344392
16.8487 0.138106 7.75037 4119615
17.0892 0.140077 7.76957 7771098
17.3764 0.142431 7.826 3908885
17.4082 0.142692 7.88055 4787898
17.5184 0.143596 7.95139 1186647
17.5347 0.143729 7.99849 7323268
17.8144 0.146022 8.01241 2001445
17.848 0.146297 8.10278 4323035
18.2495 0.149588 8.1263 7516542
18.3947 0.150778 8.1472 4191042
18.5554 0.152095 8.21167 2109630
18.9712 0.155503 8.22334 187198
19.0817 0.15641 8.22619 3771048
19.1524 0.156989 8.26261 3906749
20.2589 0.166059 8.41057 6349190
20.2742 0.166184 8.41825 2040145
20.3115 0.16649 8.42745 1815484
20.6137 0.168967 8.43045 3769989
22.2114 0.182063 8.44045 3769928
22.2347 0.182254 8.47246 3849579
22.2471 0.182355 8.50397 3957019
22.2766 0.182598 8.51609 197007
22.3053 0.182833 8.5241 2747045
22.7106 0.186155 8.52421 7454084
22.7375 0.186376 8.70608 3930397
22.7872 0.186783 8.71559 3740591
22.9399 0.188035 8.75348 4820325
22.9592 0.188193 8.77241 3987447
23.0461 0.188905 8.78223 1725065
23.0633 0.189046 8.85409 7532430
23.1555 0.189802 8.85539 4070526
23.1654 0.189883 8.89554 3739704
26.0065 0.213171 8.92308 3908604
26.0398 0.213444 8.93043 1578023
26.0942 0.21389 8.93696 7572300
26.1065 0.21399 8.9421 4665716
26.1617 0.214443 8.95918 3908476
26.1996 0.214753 9.07042 3740915
28.5512 0.23403 9.10385 1971059
28.5923 0.234366 9.11126 3885098
32.2172 0.264079 9.22323 1490579
34.3097 0.281231 9.2588 119521
34.3594 0.281638 9.26414 4708573
36.6024 0.300023 9.28852 3885736
36.6362 0.300301 9.29034 4068981
36.6405 0.300336 9.29417 1665001
36.6581 0.300481 9.37539 737863
38.1193 0.312457 9.38251 1489573
38.1344 0.312581 9.38578 1425032
38.1848 0.312995 9.3918 7119455
39.42 0.323119 9.3953 3770369
39.4388 0.323273 9.41924 3929005
39.5286 0.32401 9.43294 5357928
39.5519 0.3242 9.46162 3740610
39.5715 0.324361 9.52323 6404528
39.6173 0.324736 9.54328 6513834
39.6281 0.324825 9.54379 7179580
39.7501 0.325825 9.62311 3908223
39.7957 0.326198 9.63781 1343334
39.803 0.326258 9.67903 3851203
39.8127 0.326338 9.72719 1915646
39.828 0.326464 9.79315 1684955
39.8452 0.326605 9.81565 3986467
40.445 0.331521 9.81612 3908886
40.4951 0.331932 9.84395 7385948
42.0675 0.34482 9.98819 3770297
42.1026 0.345108 10.0497 1790112
42.3042 0.346761 10.0539 1490740
43.0756 0.353084 10.058 2258306
43.2037 0.354134 10.1499 3770109
43.9601 0.360334 10.1508 3907880
44.0461 0.361039 10.1517 1136465
44.092 0.361415 10.2388 1370038
44.2627 0.362814 10.3331 1851220
45.2394 0.37082 10.3439 1845252
45.4272 0.372359 10.3787 4120187
45.9029 0.376258 10.4272 4191400
46.1122 0.377974 10.4622 5225803
46.1537 0.378314 10.5621 3986266
46.5445 0.381518 10.5772 8018025
46.6157 0.382101 10.6922 3891720
47.4031 0.388555 10.8014 3771053
47.4793 0.38918 10.8216 6581883
47.5952 0.39013 10.9832 3740515
48.6116 0.398462 10.9846 2058078
48.6701 0.398941 11.0112 3845793
48.7385 0.399502 11.0237 3740202
48.7666 0.399732 11.0553 2059684
48.7819 0.399857 11.0768 6273148
49.1112 0.402557 11.1329 6407459
49.2026 0.403306 11.1684 2044269
49.306 0.404153 11.1893 3841015
49.562 0.406251 11.2029 6139137
49.5757 0.406363 11.2618 7801708
49.6186 0.406715 11.2643 4224241
49.6333 0.406835 11.3353 3739933
49.7242 0.407581 11.3602 4704459
49.7318 0.407643 11.3609 4575100
49.739 0.407702 11.3789 6742012
50.2114 0.411574 11.4124 1489446
50.3136 0.412412 11.4361 5694972
50.3312 0.412557 11.4611 3986646
50.6733 0.415361 11.6734 3891560
50.7004 0.415583 11.6791 7426435
52.7618 0.432479 11.7017 3907977
52.7679 0.43253 11.7052 6400762
52.7989 0.432784 11.7125 3690051
52.8344 0.433074 11.7405 4120133
52.8491 0.433196 11.7981 68164
52.8702 0.433369 11.8492 4067521
52.9143 0.433729 11.8978 6406378
53.5852 0.439229 11.9277 7117306
53.6534 0.439788 11.9778 3740103
53.7143 0.440287 12.0201 324376
53.8206 0.441158 12.0288 722530
54.1374 0.443755 12.0448 5656262
54.1889 0.444177 12.2729 3512198
54.2063 0.44432 12.4366 101715
54.9957 0.450791 12.4409 3908336
55.0238 0.451021 12.4618 6272998
55.0403 0.451156 12.4701 7459964
55.0452 0.451196 12.535 4183299
55.0529 0.451259 12.5369 3899099
55.3487 0.453684 12.5395 1849242
55.3658 0.453824 12.5818 4576642
55.6968 0.456537 12.6141 3908338
55.9239 0.458399 12.6403 3770281
55.94 0.458531 12.704 2900841
55.9928 0.458964 12.7084 4187445
56.082 0.459695 12.9121 3907672
56.6121 0.46404 12.9514 6303565
56.6312 0.464197 12.976 4827683
56.6437 0.464299 13.0513 3849434
56.7428 0.465112 13.0613 5655967
56.7528 0.465193 13.1488 1939100
56.7931 0.465523 13.1989 441812
56.8144 0.465698 13.4037 3986520
57.072 0.467809 13.4583 7116870
57.0825 0.467896 13.4827 140559
57.6375 0.472445 13.5221 3908793
57.6468 0.472521 13.5346 3770287
57.6708 0.472718 13.5737 3844366
57.7198 0.47312 13.7363 3770654
57.8972 0.474573 13.7757 4126023
58.1066 0.47629 13.8385 4613129
58.1622 0.476746 13.8525 3739209
58.2145 0.477174 13.9242 3740697
58.2791 0.477704 13.938 1971021
58.3181 0.478024 13.9764 6139762
58.3532 0.478312 14.0269 1914897
58.3665 0.47842 14.1528 7601246
58.4269 0.478916 14.191 1723945
58.4462 0.479074 14.2185 7484378
58.4805 0.479355 14.2705 7284304
58.5599 0.480006 14.4392 3052978
58.6527 0.480767 14.445 1916008
58.6919 0.481088 14.4906 1276520
58.7325 0.481421 14.5447 3906471
58.7539 0.481596 14.5812 1580110
58.7724 0.481748 14.6354 5680321
58.8171 0.482114 14.6362 1906075
58.8379 0.482285 14.6497 3740590
58.8538 0.482415 14.8707 3734185
58.9939 0.483563 14.8929 1023166
59.0403 0.483944 15.121 1908356
59.0846 0.484307 15.3221 3908602
59.1019 0.484448 15.4932 1118931
59.2193 0.48541 15.5003 7318278
59.2928 0.486014 15.5812 1789279
59.3087 0.486144 15.5977 3907996
59.3642 0.486599 15.6431 7770793
59.3944 0.486846 15.6793 7810871
59.4201 0.487056 15.7701 2381082
59.435 0.487179 15.8839 3772602
59.5418 0.488054 15.9002 3850063
59.5897 0.488447 15.9634 3908534
59.6215 0.488708 15.9862 1968212
59.6765 0.489159 15.9907 1725567
59.6864 0.489239 16.1687 6849974
59.7383 0.489665 16.3335 3768349
59.7973 0.490148 16.5012 7037130
59.811 0.490261 16.6331 4189444
59.8671 0.490721 16.6821 7324622
59.8894 0.490903 16.9689 4006159
59.9011 0.491 16.9907 7483831
59.9146 0.49111 17.3096 3897733
59.9482 0.491385 17.3961 3885023
59.9537 0.49143 17.6313 972097
59.9771 0.491622 17.7856 2058356
59.988 0.491711 17.8718 7771219
60.0116 0.491905 18.0565 6741421
60.0999 0.492628 18.2274 3885594
60.1311 0.492884 18.6267 7531650
60.1542 0.493074 18.7166 1999865
60.2028 0.493472 19.2248 3769526
60.2062 0.4935 20.0416 5680320
60.2289 0.493686 20.1392 4488543
60.2606 0.493946 20.2546 5985849
60.2757 0.49407 20.2844 387538
60.2941 0.49422 20.308 1786326
60.3718 0.494858 20.3206 224938
60.3802 0.494927 20.7635 5434462
60.4014 0.495101 21.2146 4068350
60.4087 0.49516 21.7487 6273992
60.5064 0.495961 21.8652 4736421
60.517 0.496048 22.0352 3740295
60.5372 0.496213 22.3043 3280360
60.5676 0.496463 22.5377 1916941
60.5838 0.496596 22.8646 4016207
60.5947 0.496684 23.2813 5433447
60.6023 0.496747 23.3725 5544949
60.6462 0.497107 23.4055 4123851
60.6639 0.497252 24.1968 3386551
60.6872 0.497443 24.4496 3740798
60.6943 0.497501 24.7427 3898145
60.7064 0.4976 24.8515 1787714
60.7183 0.497698 25.7473 3886738
60.7302 0.497795 26.2265 1907879
60.7843 0.498239 26.2691 3740236
60.7922 0.498303 26.8448 2086185
60.8066 0.498422 27.1521 3740729
60.8147 0.498488 27.3302 3740636
60.8773 0.499001 27.6855 7602085
60.8837 0.499054 28.5503 7515765
60.8988 0.499178 28.8927 6888089
60.9114 0.499281 29.3501 1785460
60.919 0.499343 29.9563 4277914
60.9363 0.499485 30.4962 4774847
60.9402 0.499516 30.9072 3192809
60.9526 0.499618 31.2947 1908070
60.981 0.499851 31.6051 1276611
60.9946 0.499963 31.6138 4277824
61.0367 0.500308 32.0527 7723693
61.0606 0.500504 32.7952 2001567
61.0776 0.500643 32.8151 4523609
61.1019 0.500842 33.2421 31160
61.1242 0.501025 33.7017 1999743
61.1389 0.501145 34.6653 3890408
61.1648 0.501357 36.0176 4733879
61.1877 0.501545 36.03 1967832
61.2014 0.501658 36.2044 5431926
61.2138 0.501759 36.5152 4477578
61.2794 0.502297 36.771 7646202
61.2864 0.502354 36.8103 62550
61.3574 0.502936 36.915 3232044
61.3853 0.503165 37.6674 6495933
61.4194 0.503444 37.9473 6764521
61.453 0.50372 37.9726 5944033
61.4801 0.503942 38.1281 7517412
61.5064 0.504158 38.3766 3898627
61.5241 0.504303 38.5362 7151496
61.539 0.504425 39.3471 3232287
61.5627 0.504619 40.1135 4669270
61.5725 0.504699 40.4249 3898412
61.5899 0.504843 40.714 6457475
61.5983 0.504911 41.5381 6850074
61.626 0.505138 41.5417 6765344
61.6456 0.505299 42.1387 7631892
61.6867 0.505636 42.1445 5572467
61.7022 0.505763 42.786 4183948
61.7187 0.505898 42.9319 229982
61.7528 0.506178 43.126 5679849
61.7669 0.506293 43.857 4183194
61.8024 0.506584 44.1675 4174766
61.8779 0.507203 44.6286 6994587
61.9048 0.507423 44.7815 4175687
61.9194 0.507543 45.306 5349236
61.9669 0.507933 45.4245 6849967
62.0233 0.508395 45.5818 7461971
62.0468 0.508588 45.5911 1406568
62.0904 0.508944 45.8235 7202286
62.1173 0.509165 46.3031 5011633
62.1237 0.509217 46.6172 3895621
62.131 0.509277 46.7383 3956768
63.5538 0.52094 47.1053 5433212
63.5619 0.521006 47.3135 5431604
63.6453 0.52169 47.5656 5431925
63.6538 0.52176 47.6593 3741142
63.741 0.522475 48.0405 5574411
63.899 0.52377 48.3006 7632125
63.9331 0.524049 48.3825 4175278
63.9609 0.524277 48.6879 6939639
63.9951 0.524557 49.0649 4670548
64.2228 0.526424 49.5799 5433854
64.2319 0.526498 49.6617 6898662
69.3094 0.568117 49.7827 3898379
69.3233 0.568232 49.8079 7524148
69.3343 0.568322 49.9866 5219513
69.3485 0.568438 50.0611 5574627
69.3623 0.568551 50.4577 5943524
69.3768 0.56867 50.5823 5572845
69.3945 0.568815 50.6686 3898433
69.4259 0.569072 50.9552 5432742
69.6496 0.570906 51.0021 4175479
69.6649 0.571031 51.3577 6850150
69.7043 0.571355 51.7107 5680285
69.7258 0.571531 51.8242 3897134
69.7412 0.571657 52.3102 880374
69.7533 0.571756 52.516 4275529
69.7937 0.572087 52.5886 5679803
69.8018 0.572154 53.2006 3897500
69.8302 0.572386 53.6269 6763953
69.8457 0.572514 53.8461 4769199
69.8796 0.572791 53.9487 5574558
69.9384 0.573274 54.2018 7632120
73.3887 0.601555 55.0115 7642221
73.4358 0.601941 55.2232 4275950
73.4639 0.602171 55.5049 3896349
73.5082 0.602535 55.5415 5573928
73.5232 0.602657 55.7074 4347997
73.7028 0.60413 55.75 6996395
73.7157 0.604236 55.9528 5943783
73.7232 0.604297 56.3982 5680292
73.8462 0.605305 56.8644 6850391
74.0766 0.607193 57.0446 4182371
74.1102 0.607469 57.3496 4178216
74.1358 0.607679 57.3718 4772228
74.6332 0.611756 57.8478 3900481
74.7878 0.613023 57.9926 4175701
74.8271 0.613345 58.2181 1850540
74.9223 0.614126 58.419 7632017
75.5767 0.61949 58.5256 3955600
75.6108 0.619769 58.7119 3231352
79.1559 0.648828 58.9366 3897603
80.4792 0.659675 58.9932 1532774
80.496 0.659812 59.3805 3231800
80.5437 0.660203 59.4688 5347116
80.6344 0.660947 59.5903 4178895
80.6432 0.661018 59.6058 4184201
80.7711 0.662067 59.9113 4177263
80.8099 0.662385 60.0761 5682109
81.0084 0.664012 60.0912 5574387
81.0183 0.664094 60.4809 4355529
81.0722 0.664535 60.6319 4174215
81.1657 0.665302 60.6569 6849438
81.8715 0.671087 60.8537 812361
81.878 0.671141 60.8697 3230932
81.887 0.671214 60.871 5012278
81.91 0.671403 60.8826 5680294
82.0516 0.672563 61.0464 3896668
82.5397 0.676564 61.0934 6767441
86.3202 0.707552 61.6586 3229793
86.448 0.7086 61.7596 1762207
86.472 0.708796 61.9151 5943825
87.1891 0.714675 62.0188 730981
87.2093 0.71484 62.1781 4354294
90.0293 0.737955 62.2674 4572376
90.0442 0.738077 62.3189 2117768
90.0507 0.738131 62.3634 3060941
90.1542 0.738979 62.3845 4181649
90.3997 0.740991 62.4056 4183365
90.4761 0.741617 62.481 3939867
92.9303 0.761734 62.5359 4104133
96.2946 0.789311 62.7785 5574486
96.3535 0.789793 62.7822 5431724
96.369 0.789921 63.0833 3897700
96.5944 0.791768 63.1453 5565405
96.6207 0.791984 63.275 3804160
96.7657 0.793172 63.6284 5433851
96.7812 0.793299 64.2821 3897366
96.8531 0.793888 64.4126 5353992
96.9691 0.79484 64.7862 622069
96.9905 0.795015 64.8324 2497073
97.0685 0.795655 64.9797 3957306
97.107 0.79597 65.1723 6849428
97.4104 0.798457 65.313 6959402
97.4501 0.798782 65.4968 663933
97.4733 0.798973 65.8505 4355721
97.4908 0.799116 65.8735 5432866
97.5242 0.79939 65.9669 4278132
97.5363 0.799489 66.3583 3896640
97.5485 0.799589 66.4999 145276
98.5731 0.807988 66.6042 5680234
98.5789 0.808035 66.7804 3414686
98.7064 0.80908 67.0602 4175173
98.7191 0.809184 67.0671 4276230
99.1187 0.81246 67.1376 3544219
100.047 0.820067 67.2123 4672439
100.122 0.820682 67.3758 4184116
100.404 0.822993 67.5299 3231460
100.7 0.825423 68.1388 4856059
100.754 0.82586 68.3395 6237667
100.769 0.82599 68.4817 4671703
100.779 0.826072 68.7381 6559114
100.854 0.826685 68.8187 6850813
101.023 0.828069 69.462 7546008
101.534 0.832256 69.4799 4771846
101.594 0.832746 69.5458 3232847
101.794 0.834384 69.7203 4774896
102.011 0.83617 69.7622 620058
102.528 0.840409 69.8499 4174812
102.557 0.840643 69.8726 3957048
102.657 0.841458 69.9629 6849951
103.33 0.846975 70.1844 6849743
103.351 0.84715 70.2494 4182803
103.464 0.848079 70.5141 1454791
103.563 0.848891 70.5579 3945292
103.624 0.849385 70.5899 3897130
104.237 0.854415 70.9999 4855689
104.405 0.855787 71.0988 5006377
104.498 0.856556 71.1654 5345878
105.376 0.863753 71.6844 2117767
105.402 0.86396 71.8263 5680506
105.499 0.86476 71.9103 3895884
105.919 0.868201 72.0401 7632286
105.94 0.868374 72.2306 4754062
105.969 0.868612 72.2564 4772767
105.982 0.868719 72.4964 954410
105.993 0.868806 72.5376 4776666
108.149 0.886478 72.6038 4771304
108.182 0.886748 72.9458 5691415
108.222 0.887079 72.9776 6849956
108.357 0.888184 73.1984 5574480
108.963 0.893155 73.228 5910133
109.248 0.895491 73.3542 2117786
109.283 0.895778 73.4048 3231287
109.31 0.895994 73.6789 2382004
109.346 0.896294 73.9519 3901266
109.359 0.896394 74.2947 4175688
109.391 0.89666 74.3973 5432267
109.568 0.898109 74.6965 3899450
110.702 0.907408 74.8549 4179434
110.774 0.907998 74.9835 4182726
111.329 0.912542 75.0039 3897801
111.385 0.913005 75.1348 7645429
111.769 0.916149 75.4242 4771778
111.91 0.917305 75.4738 6479348
112.031 0.918298 75.4925 5432841
112.077 0.918677 75.9704 98424
112.323 0.920696 76.4185 7258310
112.374 0.921112 76.5332 4862410
112.429 0.921565 76.5633 5007663
112.526 0.922354 77.1341 7030731
112.637 0.923268 77.148 5765269
113.308 0.92877 77.1906 5574732
113.381 0.929368 77.6726 3306534
113.616 0.931288 78.2367 3959218
113.626 0.931373 78.2877 5764413
113.663 0.931673 78.3291 3897412
114.259 0.936565 78.3456 5432069
114.43 0.937961 78.5732 3897993
114.618 0.939503 78.8451 5432698
114.833 0.941265 78.8746 5680005
114.948 0.942213 79.1378 4172832
114.963 0.942335 79.6567 4103232
115.164 0.943983 79.772 4771936
115.648 0.947945 79.9023 4104620
115.936 0.950307 79.9349 4861597
115.972 0.950603 80.5369 5567465
115.995 0.950789 80.5482 4177230
116.054 0.951276 80.7934 7631185
116.117 0.951788 81.0614 3897198
116.162 0.952158 81.2534 3901501
116.178 0.952289 81.2744 3896583
116.183 0.952335 81.3801 5349185
116.218 0.952618 81.4046 4177168
116.241 0.952806 81.4262 4175699
116.267 0.953018 82.1516 7645678
116.403 0.954133 82.4814 5574318
116.43 0.954358 82.7227 5682858
116.558 0.955408 82.7242 5680293
116.586 0.955637 82.8148 5953996
116.645 0.956118 83.0461 4391372
116.663 0.956264 83.4875 5680322
116.677 0.956385 83.4906 4854631
116.713 0.956678 83.5411 4175522
116.726 0.956781 83.7629 4175276
116.776 0.957191 83.8016 3902840
116.844 0.957752 83.8745 3897650
116.919 0.958367 84.1915 4104166
116.974 0.958819 84.5697 3872970
117.001 0.959039 84.5784 5193417
117.092 0.959782 84.603 5432643
117.17 0.960423 84.7899 7330665
117.225 0.960872 85.1172 6850390
117.257 0.961136 85.1365 3897129
117.275 0.961281 85.5726 5680505
117.289 0.961397 85.6938 665112
117.496 0.963096 85.6945 4175281
117.509 0.963205 85.9824 5453601
117.525 0.963334 86.2763 44677
117.939 0.966724 86.3346 3898118
118.081 0.967888 86.9717 5680127
118.131 0.968301 87.0458 3957254
118.278 0.969504 87.845 3896279
118.288 0.96959 87.9081 5765452
118.311 0.969774 88.1013 7550729
118.321 0.969856 88.1754 3231553
118.729 0.973203 88.2415 5433239
118.755 0.973412 88.7458 3231444
118.813 0.973889 88.9365 7654296
118.96 0.975095 88.9487 4276684
118.993 0.975366 88.9851 5679913
119.008 0.97549 89.0982 5679912
119.027 0.975646 89.5771 4181977
119.073 0.976023 89.5997 3235711
119.111 0.976333 90.2001 1602676
119.148 0.976639 90.3277 5432134
119.163 0.976756 90.7036 5574414
119.257 0.977531 90.8232 4018808
119.374 0.978491 91.6329 3229962
119.525 0.979723 91.6695 3896739
119.659 0.980824 91.8944 4864300
119.686 0.981044 92.0332 3896496
119.694 0.981116 92.1362 3896043
119.712 0.981259 92.2525 3897830
119.773 0.981758 92.8172 4672723
119.847 0.982364 93.5809 16991
119.931 0.983051 93.6935 5163788
119.96 0.983296 93.696 4184021
119.973 0.983396 94.7093 4770871
120.031 0.983875 94.7296 4776851
120.081 0.984283 94.7856 4175319
120.101 0.984449 94.976 4183363
120.111 0.984532 95.5925 4771429
120.258 0.985732 95.7857 6352497
120.28 0.985911 96.1459 5573497
120.316 0.986213 98.008 5489673
120.401 0.986906 98.352 4858290
120.424 0.987097 98.3879 5605172
120.488 0.987617 98.4218 6761450
120.523 0.987906 98.546 4276948
120.531 0.987974 99.2926 5354190
120.547 0.988104 100.847 664403
120.554 0.988162 102.443 5432188
120.568 0.988276 102.948 4858012
120.599 0.98853 103.28 4180863
120.612 0.988635 103.425 6850132
120.63 0.988784 103.533 6765012
120.652 0.98896 104.182 6850133
120.737 0.989662 105.075 5574409
120.746 0.989732 105.487 4183919
120.884 0.990866 105.514 3658584
120.9 0.990998 105.543 5433634
120.926 0.991209 105.703 7887338
120.947 0.991385 106.138 4858024
120.957 0.991465 106.256 3232229
120.988 0.991718 107.29 6850109
121.027 0.992042 109.613 4104639
121.047 0.992201 109.78 3231719
121.08 0.992473 109.823 1290252
121.117 0.992774 110.072 5680101
121.132 0.992896 110.669 5431563
121.224 0.993652 110.925 621345
121.237 0.993763 111.193 3899012
121.25 0.993867 111.474 3231668
121.292 0.994207 111.503 6842996
121.311 0.994364 112.137 3957376
121.335 0.994565 112.572 4103834
121.348 0.994669 114.134 4277608
121.427 0.995316 114.218 4104874
121.44 0.995426 114.616 6849657
121.463 0.995609 114.783 4779764
121.481 0.995763 115.099 1498877
121.49 0.995836 115.612 4752296
121.524 0.996109 116.106 5433448
121.578 0.996553 117.162 6767428
121.618 0.996885 117.944 5691933
121.622 0.996918 119.004 4174368
121.636 0.99703 119.802 4858236
121.652 0.997164 120.633 7150627
121.667 0.997284 121.434 4771801
121.683 0.997414 122.5 3231558
121.691 0.997482 123.996 5680580
121.703 0.997575 124.414 1453933
121.718 0.997705 127.047 1531434
121.743 0.99791 127.154 5431826
121.759 0.998037 128.218 55359
121.781 0.998216 131.073 5574430
121.797 0.998346 131.918 3377587
121.827 0.998597 135.277 5680002
121.848 0.99877 136.816 7820300
121.859 0.99886 137.305 6849755
121.873 0.998974 137.326 4771209
121.895 0.999154 143.568 4771465
121.901 0.999205 151.294 4175769
121.914 0.999307 155.249 3901927
121.929 0.99943 155.485 3957021
121.94 0.999525 155.948 4355400
121.949 0.999592 156.908 3232055
121.955 0.999647 158.19 3229921
121.969 0.999761 167.274 3898176
121.975 0.999811 172.529 5571553
121.982 0.999866 177.516 4179566
121.992 0.999952 227.86 4175698
121.998 1 284.47 3232155
