Unknown 4 358 358 358 358 float/unsigned
CumulativeMeasure | CDF | Dose | TetraID
0.000831155 2.60795e-05 0 3452700
0.00192716 6.04692e-05 0 1404501
0.00212919 6.68083e-05 0 3822600
0.00235657 7.39429e-05 0 2757642
0.00436117 0.000136842 0 2760176
0.0049112 0.000154101 0 2197624
0.00549772 0.000172504 0 3454074
0.00681292 0.000213772 0 3452917
0.00776992 0.0002438 0 3821186
0.00829547 0.00026029 0 2757597
0.00924601 0.000290116 0 3452900
0.00960705 0.000301444 0 2761021
0.0107924 0.000338636 0 2862537
0.0115336 0.000361894 0 1632745
0.0125033 0.000392319 0 3452660
0.0137125 0.000430263 0 3452655
0.0156807 0.000492019 0 2757249
0.0160106 0.00050237 0 3820805
0.0164487 0.000516117 0 2757061
0.0170009 0.000533444 0 2757053
0.0175816 0.000551663 0 2873184
0.0180336 0.000565848 0 3017174
0.0186834 0.000586237 0 2673399
0.0196819 0.000617567 0 3017601
0.0201445 0.00063208 0 3017795
0.0209207 0.000656437 0 2672470
0.0211472 0.000663543 0 3821635
0.0218611 0.000685943 0 3453827
0.0222409 0.000697862 0 3453624
0.0239053 0.000750085 0 3453625
0.0241252 0.000756984 0 2759291
0.0244269 0.000766452 0 3453466
0.0255499 0.000801688 0 3453444
0.0259128 0.000813075 0 160553
0.0281223 0.000882405 0 3453294
0.0284775 0.000893549 0 3822599
0.0294399 0.000923749 0 2760133
0.0297819 0.000934479 0 33882
0.0327594 0.0010279 0 3453026
0.0336241 0.00105504 0 6617723
0.0343977 0.00107931 0 3453092
0.0382482 0.00120013 0.0513699 3453403
0.0395546 0.00124112 0.0590934 3453303
0.0417352 0.00130954 0.0681921 3453661
0.0447797 0.00140507 0.104075 3453746
0.0456277 0.00143168 0.105386 3452580
0.0466913 0.00146505 0.175283 3821334
0.0476866 0.00149628 0.22933 3452901
0.0489756 0.00153673 0.296181 3453909
0.0495819 0.00155575 0.378267 3453846
0.0501366 0.00157316 0.392676 3821460
0.0531095 0.00166644 0.53622 3452706
0.0556075 0.00174482 0.716929 3821083
0.0594352 0.00186492 0.855899 3453731
0.060848 0.00190925 0.926812 2758133
0.0649942 0.00203935 1.16435 3453653
0.0726994 0.00228112 1.24341 2672854
0.0739006 0.00231881 1.50662 2862894
0.0773937 0.00242841 1.57929 3454203
0.0784908 0.00246284 2.55229 3820955
0.0811355 0.00254582 2.63825 3450932
0.0834411 0.00261816 4.56 3180264
0.088287 0.00277021 4.69632 2256585
0.0890773 0.00279501 4.82523 3821110
0.0901406 0.00282838 4.92306 2172188
0.0958297 0.00300689 5.07885 3453203
0.102286 0.00320947 5.08641 3821383
0.103806 0.00325716 5.72917 2758947
0.12085 0.00379195 6.56193 2758672
0.122991 0.00385913 6.98888 3287317
0.130507 0.00409496 7.33496 3452871
0.137935 0.00432805 7.43625 3452690
0.142301 0.00446505 7.53243 3453643
4.15315 0.130315 9.62938 4075543
4.15528 0.130382 10.0926 3015450
4.1606 0.130549 11.8646 545350
4.16301 0.130624 11.9826 3451749
4.16477 0.13068 12.3995 2863295
4.16906 0.130814 13.5376 3821054
4.17079 0.130868 13.5922 3454041
4.17571 0.131023 13.7932 44928
4.18319 0.131258 13.9833 3453284
4.18482 0.131309 16.1045 3821094
4.18915 0.131445 16.2663 2760294
4.19018 0.131477 16.4251 2671805
4.19316 0.131571 17.0543 3452979
4.21162 0.132149 17.3978 2758582
4.2168 0.132312 17.5833 96616
4.2215 0.13246 17.9458 2260622
4.22268 0.132497 18.0076 3452708
4.22348 0.132522 18.2922 3452094
4.22738 0.132644 19.0448 2670521
4.23224 0.132797 19.2758 3453217
4.23874 0.133001 19.4157 6992342
4.24651 0.133244 19.4837 2671222
4.2479 0.133288 19.6776 3452884
4.24968 0.133344 20.4675 3453895
4.2564 0.133555 21.2147 3821093
4.27236 0.134055 22.1148 3452278
4.27604 0.134171 22.234 2759598
4.29433 0.134745 22.5245 3821097
4.29563 0.134786 22.6418 3451753
4.30044 0.134936 22.9909 2261788
4.30913 0.135209 23.0842 3289979
4.31727 0.135465 23.6936 6735272
4.32084 0.135577 24.8412 2759287
4.32261 0.135632 25.3897 3452665
4.32706 0.135772 26.0513 3821393
4.33338 0.13597 26.8503 3453210
4.33544 0.136035 27.0126 2859931
4.35595 0.136678 27.5136 2760424
4.35706 0.136713 27.9813 2924099
4.35897 0.136773 28.2829 3024286
4.36664 0.137014 28.6347 6733066
4.39599 0.137935 28.676 608054
4.41218 0.138443 28.7767 544820
4.43562 0.139178 28.7868 5081263
4.43824 0.13926 29.1505 3450644
4.4406 0.139334 30.1366 3453135
4.4731 0.140354 30.3305 3020322
4.4795 0.140555 30.7101 2758365
4.48619 0.140765 30.7854 3821265
4.53378 0.142258 31.1001 3451962
4.56181 0.143138 31.638 2861128
4.59992 0.144333 32.0017 2202236
4.62425 0.145097 32.2339 3451207
4.6277 0.145205 32.6731 3453650
4.6315 0.145324 32.8968 3453789
4.63712 0.145501 33.079 4021755
4.63912 0.145564 33.2692 3453492
4.64482 0.145742 34.4196 3452754
4.66229 0.14629 35.2048 328202
4.66539 0.146388 35.2108 2759818
4.70904 0.147757 35.2112 2670929
4.72281 0.148189 35.384 2670374
4.85112 0.152216 36.1713 3451860
4.86559 0.15267 36.2353 2673432
4.89735 0.153666 36.6477 3820572
4.90207 0.153814 36.9038 3452914
4.90349 0.153859 37.3915 2864001
4.91666 0.154272 37.3955 2259897
4.92533 0.154544 37.6534 2869964
4.92769 0.154618 37.7073 3451495
4.93744 0.154924 37.8736 2758737
4.93855 0.154959 37.9351 2757324
4.95632 0.155516 38.0736 2391320
4.97171 0.155999 39.0747 6736184
4.9761 0.156137 39.371 3453404
4.97893 0.156226 39.4152 3821047
4.98081 0.156285 39.5014 2862334
5.00236 0.156961 39.8196 3821030
5.03963 0.158131 41.1801 3453290
5.07922 0.159373 41.4556 2759142
5.08635 0.159597 41.5414 3821096
5.10335 0.16013 41.6843 3023537
5.16093 0.161937 41.7616 3453894
5.16586 0.162091 42.0846 567202
5.16695 0.162125 42.3024 3179007
5.18587 0.162719 43.8226 3453592
5.1969 0.163065 44.2565 3453668
5.23329 0.164207 44.3121 2758261
5.23474 0.164253 44.4407 3451568
5.28246 0.16575 44.6254 6911121
5.32212 0.166994 44.8676 6200460
5.39704 0.169345 45.0556 5080855
5.41004 0.169753 45.9336 2673740
5.44509 0.170853 45.9423 3288186
5.44906 0.170977 46.1194 2760465
5.45218 0.171075 46.1703 3453504
5.46381 0.17144 46.4629 3453130
5.4857 0.172127 46.6402 6736185
5.5015 0.172623 47.1953 6201461
5.50398 0.172701 47.2183 4594878
5.59558 0.175575 47.256 3453136
5.66381 0.177715 47.9069 3821266
5.66627 0.177793 48.4115 3822116
5.67477 0.178059 48.4529 3452629
5.68388 0.178345 48.5025 2673384
5.68944 0.17852 48.9663 174300
5.69209 0.178603 49.3345 3017610
5.70363 0.178965 49.3609 2759805
5.73775 0.180036 49.5566 3452910
5.73823 0.180051 49.8111 3821456
5.74429 0.180241 50.1125 567986
5.75273 0.180506 50.2592 3453267
5.75453 0.180562 50.7309 3015446
5.7705 0.181063 50.8842 3821088
5.80254 0.182068 51.9356 3452037
5.81486 0.182455 51.9908 2757417
5.81705 0.182524 52.0138 3453330
5.81879 0.182579 52.3438 3454138
5.828 0.182868 52.3912 3453826
5.85732 0.183787 52.5841 3821031
5.86275 0.183958 52.7023 2760382
5.86934 0.184165 52.9896 5081590
5.87052 0.184202 52.9971 3453967
5.88966 0.184802 53.2417 3454084
5.89924 0.185103 53.576 3821101
5.90593 0.185313 54.5064 3453632
5.91175 0.185495 54.8067 3453759
5.93591 0.186253 55.4279 2756491
5.93857 0.186337 56.2165 3453495
5.97849 0.187589 56.3393 2575227
5.98235 0.187711 57.5657 3453791
5.98834 0.187899 57.579 3821100
5.99434 0.188087 57.6817 2669759
6.00814 0.18852 57.939 2759653
6.01404 0.188705 58.0372 173012
6.03894 0.189486 58.2324 6201540
6.05233 0.189906 59.047 2669748
6.05364 0.189948 59.3803 2758966
6.05505 0.189992 59.4831 3452626
6.08016 0.190779 59.6419 6200472
6.09193 0.191149 59.6742 2870088
6.115 0.191873 59.7434 3450616
6.11824 0.191975 60.6188 2664990
6.14857 0.192926 60.6724 60165
6.15699 0.19319 61.0416 3453621
6.17233 0.193672 61.6327 3453166
6.17989 0.193909 61.6582 3289503
6.2028 0.194628 62.0671 3820387
6.21417 0.194984 62.5754 2758990
6.25157 0.196158 63.0019 3452663
6.30938 0.197972 63.2744 2860569
6.33038 0.198631 64.1502 3452895
6.36484 0.199712 64.1737 3453186
6.36902 0.199843 64.2461 2860340
6.41145 0.201174 64.3041 3451384
6.41614 0.201322 64.7924 3453727
6.41995 0.201441 65.035 6909450
6.4287 0.201716 65.2437 2759286
6.53175 0.204949 65.3318 3453885
6.54373 0.205325 65.5467 3451100
6.55357 0.205634 65.5994 2759083
6.55645 0.205724 65.8673 3451815
6.62444 0.207858 65.8905 2757587
6.6544 0.208798 66.1253 2758580
6.68081 0.209626 67.3821 3453289
6.69217 0.209983 67.4321 3452897
6.69396 0.210039 67.496 3453664
6.73503 0.211328 67.566 3015451
6.74002 0.211484 67.8211 2757496
6.75549 0.21197 68.4814 495964
6.82223 0.214064 69.0375 2860645
6.83799 0.214558 69.5366 3452304
6.90174 0.216559 70.1595 3821544
6.92259 0.217213 70.3099 2669739
6.92673 0.217343 71.1524 2757471
6.95642 0.218274 71.5214 3821052
6.96333 0.218491 72.9432 1949560
6.96829 0.218647 73.2976 3452482
7.05582 0.221393 73.4332 2262810
7.06409 0.221653 73.7297 6200222
7.06498 0.221681 74.0127 2758384
7.10722 0.223006 74.1428 6200994
7.27251 0.228192 75.5305 3453137
7.30192 0.229115 75.6387 2758581
7.3055 0.229228 76.3955 3452739
7.30973 0.22936 76.7953 3453725
7.32475 0.229832 77.0769 2756991
7.32869 0.229955 77.1885 2758929
7.33365 0.230111 77.3021 2757689
7.37541 0.231421 77.3221 3452812
7.3787 0.231524 77.9382 159762
11.389 0.357356 79.144 809737
11.4016 0.357754 80.3719 2375968
11.4039 0.357825 80.4174 2202234
11.4128 0.358103 80.5398 573271
11.415 0.358172 80.6775 6423114
11.4277 0.358571 80.8217 3452376
11.4494 0.359251 81.8466 3453022
11.5178 0.361398 82.1869 3453494
11.5284 0.36173 82.3528 2757623
15.5392 0.48758 82.8816 7480083
15.543 0.4877 83.8154 3452648
15.5439 0.487726 84.2623 3453016
15.5618 0.488288 85.9403 2670468
15.574 0.488671 86.1225 2671233
15.5753 0.488712 86.2561 3452736
15.5763 0.488745 86.2951 3453493
15.5774 0.488779 86.6224 3017793
15.5835 0.488971 87.5893 3452355
15.5881 0.489115 90.2338 3453655
15.599 0.489456 90.3615 3452504
15.604 0.489613 93.0748 2760241
15.6099 0.489799 94.0044 2759676
15.6287 0.490387 94.4462 3452036
19.5669 0.613959 94.6001 6072380
19.5684 0.614005 94.8351 1498
19.5807 0.61439 96.8688 3821032
19.5851 0.614531 96.9283 2758588
19.5957 0.614862 96.9668 3452124
19.6055 0.61517 98.392 568410
19.6063 0.615195 99.7406 2760256
19.628 0.615875 101.905 2756922
19.6289 0.615903 101.937 328130
19.633 0.616033 102.96 78975
19.64 0.61625 104.937 2261801
19.6486 0.616523 104.951 3452956
19.6865 0.61771 105.111 2760427
19.6933 0.617926 109.513 3450180
19.6962 0.618015 109.947 3454126
19.6984 0.618083 110.834 2759756
19.7077 0.618376 112.919 3453188
19.7125 0.618528 113.429 2758811
19.7177 0.61869 113.668 174346
19.7192 0.618738 113.781 2820800
19.7237 0.618878 115.662 3017538
19.7352 0.619239 116.7 3453292
19.742 0.619452 116.995 3453139
19.7455 0.619562 119.63 2670230
19.7474 0.619623 121.35 2758408
19.7545 0.619845 121.506 2758522
19.7602 0.620024 121.825 2757744
19.7628 0.620106 124.875 3453467
19.7776 0.620569 125.813 2669294
19.7785 0.620597 126.38 3453932
19.7801 0.620647 128.245 2757364
19.7821 0.62071 132.494 3821062
19.7828 0.620731 132.751 3453838
19.7902 0.620964 133.045 2760367
19.7908 0.620984 134.485 495985
19.7918 0.621015 137.401 2505415
19.7931 0.621056 145.55 3821079
19.7953 0.621126 149.884 3450547
19.7974 0.62119 153.39 3453631
19.7985 0.621225 154.025 25993
19.8008 0.621298 164.422 2915189
19.8024 0.621346 169.371 2861292
19.8064 0.621472 170.664 6201454
19.8078 0.621517 173.417 4723395
19.8087 0.621544 180.375 3820705
19.8102 0.621593 182.735 2759212
19.8125 0.621665 187.143 2757686
19.8137 0.621702 194.119 2759726
19.8143 0.62172 209.367 2757641
19.8158 0.621767 215.457 2757393
23.8267 0.747621 222.499 1221929
23.8283 0.74767 224.855 3454085
23.8295 0.747707 225.029 3453123
23.8328 0.747811 225.499 3452172
23.8337 0.747841 229.736 3821071
23.8343 0.747858 232.937 3454072
23.8349 0.747877 235.843 3453907
23.8381 0.747977 242.402 3453479
23.8391 0.74801 273.823 1563355
23.8402 0.748044 286.763 3016287
23.8412 0.748076 331.655 3017048
23.8433 0.748139 343.671 2670777
23.844 0.748162 374.258 3679218
23.8451 0.748197 377.153 384277
23.8465 0.74824 378.167 3453036
23.8469 0.748254 428.033 3017184
23.847 0.748258 531.704 3820222
27.858 0.874111 656.622 3055858
27.8586 0.874129 670.972 3020249
31.8695 0.999983 712.253 809643
31.8701 1 1239.68 2758566
