Unknown 4 719 719 719 719 float/unsigned
CumulativeMeasure | CDF | Dose | TetraID
0.00383695 3.14509e-05 0 3192809
0.0108648 8.90568e-05 0 5432188
0.0184295 0.000151064 0 4277914
0.0281976 0.000231131 0 3232229
0.0340001 0.000278693 0 3414686
0.0429616 0.000352149 0.0146139 5012278
0.0574806 0.000471159 0.0191805 5572845
0.0730291 0.000598607 0.0194371 4769199
0.0813671 0.000666953 0.0352446 5680580
0.091407 0.000749248 0.0362319 6559114
0.107274 0.000879309 0.0412326 3377587
0.122558 0.00100459 0.0454664 6850150
0.124977 0.00102441 0.0822183 6102373
0.141303 0.00115824 0.143943 7150627
0.148051 0.00121355 0.14483 4179566
0.156197 0.00128032 0.217617 3897500
0.168827 0.00138385 0.222387 4276230
0.176951 0.00145044 0.287983 3232055
0.192791 0.00158028 0.340677 3734185
0.210233 0.00172325 0.379871 5432866
0.226043 0.00185284 0.406026 3231558
0.231923 0.00190104 0.489651 3232155
0.252966 0.00207352 0.501667 4754062
0.255331 0.00209291 0.501707 5680327
0.262439 0.00215117 0.514877 3898145
0.271159 0.00222265 0.748603 4184201
0.28588 0.00234331 0.793301 4771801
0.298391 0.00244586 0.795699 4175276
0.313265 0.00256779 0.846934 4103232
0.328923 0.00269613 0.892673 44677
0.344864 0.00282679 0.919211 3896583
0.355438 0.00291347 0.960799 140559
0.36973 0.00303062 0.99895 5574414
0.38266 0.0031366 1.05605 5943783
0.41513 0.00340276 1.08471 5432267
0.437036 0.00358231 1.15802 5574430
0.446979 0.00366382 1.18431 3231553
0.455658 0.00373496 1.22474 3896043
0.46315 0.00379637 1.22647 5680292
0.488285 0.00400239 1.31579 5680506
0.502377 0.0041179 1.43024 665112
0.515523 0.00422565 1.5532 954410
0.533239 0.00437088 1.59653 5680505
0.572079 0.00468924 1.61803 5682109
0.630802 0.00517058 1.62526 4391372
0.668083 0.00547617 1.63099 5432134
0.681782 0.00558845 1.69412 5431926
0.693975 0.0056884 1.75369 4175688
0.721736 0.00591596 1.79923 6939639
0.743685 0.00609587 1.80957 4771465
0.748643 0.00613651 1.86473 4183299
0.774472 0.00634822 2.02116 7645678
0.817995 0.00670498 2.05034 7202286
0.832886 0.00682703 2.15173 3232287
0.868719 0.00712075 2.17927 4175522
0.884265 0.00724818 2.19353 3897700
0.920407 0.00754443 2.19638 5567465
0.951787 0.00780165 2.23529 5432742
1.04803 0.00859054 2.31087 7030731
1.0865 0.00890588 2.41065 6849428
1.15214 0.00944393 2.46029 7646202
1.16608 0.00955817 2.5041 4771209
1.21317 0.00994418 2.51575 4275950
1.22993 0.0100815 2.54948 3231800
1.25438 0.010282 2.62904 4103834
1.26932 0.0104044 2.66471 4347997
1.34403 0.0110168 2.75071 6850813
1.36549 0.0111927 2.76154 4858024
1.39049 0.0113976 2.78133 5431826
1.41375 0.0115883 2.80318 4355721
1.46905 0.0120416 2.80402 5007663
1.47793 0.0121143 2.94625 4752296
1.55097 0.0127131 2.94827 3306534
1.57393 0.0129013 3.10552 4175699
1.59138 0.0130443 3.12183 3897830
1.60411 0.0131486 3.1476 4277608
1.632 0.0133772 3.18622 5953996
1.67831 0.0137568 3.20902 98424
1.69071 0.0138585 3.26493 3901927
1.72411 0.0141323 3.30763 5433448
1.76445 0.0144629 3.33889 6849956
1.77606 0.0145581 3.41549 4355400
1.91767 0.0157189 3.52491 3896668
1.95419 0.0160182 3.53422 3901266
2.00388 0.0164255 3.54312 4175319
2.48713 0.0203866 3.55646 4104620
2.62192 0.0214915 3.58171 5574480
2.63539 0.0216018 3.66418 3897733
2.68614 0.0220178 3.67137 4862410
2.78004 0.0227875 3.69882 5345878
2.84252 0.0232997 3.79199 3897198
2.84908 0.0233535 3.80338 3230932
2.92456 0.0239722 3.83376 6994587
3.13192 0.0256718 3.85251 4175281
3.14927 0.0258141 3.93876 4774847
3.16468 0.0259404 3.97093 880374
3.18905 0.0261401 3.97288 31160
3.22556 0.0264394 4.0055 3897412
3.25191 0.0266554 4.02526 2382004
3.26813 0.0267884 4.07723 4016207
3.29082 0.0269743 4.16289 4177230
3.30124 0.0270597 4.17972 5764413
3.32423 0.0272482 4.18275 5680294
3.32799 0.027279 4.19714 3739346
3.49839 0.0286757 4.21259 3897993
3.55356 0.029128 4.22935 3872970
3.61446 0.0296272 4.23677 4672723
3.63407 0.0297879 4.25056 7631892
3.88036 0.0318067 4.27539 7258310
3.88641 0.0318563 4.32465 5571553
3.97702 0.032599 4.41266 5432643
4.00272 0.0328097 4.43838 7887338
4.06623 0.0333303 4.44012 6761450
4.23359 0.0347021 4.47345 5006377
4.25681 0.0348924 4.47909 5605172
4.34753 0.035636 4.50278 4178895
4.3686 0.0358087 4.58893 7820300
4.37957 0.0358986 4.61848 6849755
4.39169 0.035998 4.619 145276
4.41071 0.0361539 4.61938 4181977
4.63441 0.0379875 4.63296 4175479
4.67877 0.0383511 4.63832 5573928
4.70855 0.0385952 4.72897 4184021
4.76185 0.0390321 4.74173 6237667
8.12617 0.0666089 4.78038 5574486
8.15964 0.0668833 4.79274 4278132
8.20968 0.0672934 4.80184 3902840
8.24477 0.067581 4.95564 3231287
8.74214 0.0716579 4.99371 3900481
8.82106 0.0723048 5.00921 4104874
9.42754 0.077276 5.0591 5910133
9.46281 0.0775652 5.07828 4276948
9.48428 0.0777411 5.16054 3897134
9.76927 0.0800771 5.16299 2117786
9.78509 0.0802068 5.17062 664403
10.3819 0.0850989 5.18647 5432069
10.427 0.0854688 5.19908 3901501
10.5142 0.0861833 5.20994 5574411
10.5358 0.0863601 5.27506 6850133
11.9586 0.0980229 5.27744 5433212
12.0368 0.0986636 5.29866 7330665
13.0614 0.107063 5.32375 5680234
13.1894 0.108111 5.35074 4177263
13.2297 0.108442 5.35498 5679803
13.7178 0.112443 5.40491 6767441
13.7315 0.112555 5.41174 4858236
13.859 0.1136 5.56783 4175173
13.8958 0.113901 5.59628 5680101
16.0517 0.131574 5.59633 4771304
16.6061 0.136118 5.59901 3897801
17.0198 0.139508 5.61044 3898118
17.3232 0.141995 5.62978 6959402
17.3735 0.142408 5.66316 3957254
17.3961 0.142593 5.72416 7550729
17.4042 0.142659 5.74157 5431604
17.4378 0.142934 5.75143 4178216
17.5737 0.144049 5.78879 5574318
17.9734 0.147325 5.80031 3544219
18.0272 0.147766 5.80985 4174215
21.8077 0.178754 5.81528 3229793
22.1042 0.181185 5.81795 4856059
22.1438 0.181509 5.82858 4104639
22.2294 0.182211 5.8354 5574409
22.4444 0.183973 5.84195 5680005
22.4782 0.18425 5.84427 5574558
22.5138 0.184542 5.84859 4174766
22.5858 0.185132 5.85288 4182726
22.646 0.185626 5.86966 3897130
22.6515 0.18567 5.89946 972097
22.8018 0.186902 5.90537 3896739
22.836 0.187183 5.92686 4670548
22.8483 0.187283 5.93675 4665716
22.8583 0.187366 6.01307 4771429
23.3691 0.191553 6.02214 4771846
28.4466 0.233172 6.02696 3898379
31.9917 0.262231 6.0371 3897603
34.8118 0.285347 6.03823 4572376
38.262 0.313628 6.04305 7642221
38.308 0.314005 6.06605 3235711
40.7622 0.334121 6.07736 4104133
40.817 0.33457 6.08852 6850390
40.9285 0.335484 6.10014 5765269
40.9548 0.3357 6.11852 3898627
41.0501 0.336481 6.1377 7632017
41.0723 0.336663 6.17111 4779764
41.1883 0.337614 6.20698 622069
41.8427 0.342978 6.22796 3955600
41.9012 0.343457 6.32923 4776851
42.1191 0.345243 6.35549 620058
42.1755 0.345706 6.36783 7645429
42.3175 0.346869 6.38413 5680127
42.3716 0.347313 6.38734 6767428
43.0446 0.35283 6.3899 6849743
43.9226 0.360027 6.39248 2117767
43.9299 0.360086 6.42034 6273992
43.9487 0.36024 6.43553 1498877
44.1942 0.362253 6.44842 4183365
44.3392 0.363441 6.45845 5433851
44.3722 0.363711 6.46363 5691415
44.3844 0.363812 6.47791 4770871
44.3931 0.363883 6.52529 4174518
44.4057 0.363987 6.57024 3231668
44.4134 0.36405 6.5798 5544949
44.4311 0.364195 6.59607 7151496
44.5654 0.365295 6.68224 4864300
44.6252 0.365785 6.70114 3232847
44.7086 0.366469 6.73245 5431925
44.7227 0.366585 6.88343 4183194
44.9211 0.368211 6.89011 5574387
44.9547 0.368487 6.90156 5944033
44.9833 0.368721 6.91911 3957048
45.0008 0.368864 6.93182 6457475
45.1588 0.370159 6.94003 7632125
45.3598 0.371807 6.97226 4771936
45.376 0.371939 6.9787 5433634
45.497 0.372932 7.02145 5432841
45.5391 0.373277 7.04523 7723693
45.555 0.373407 7.05472 4671703
45.6831 0.374457 7.0703 5680293
45.7045 0.374632 7.13476 2497073
45.808 0.375481 7.16388 4181649
45.8193 0.375574 7.16784 1453933
46.5365 0.381452 7.19586 730981
46.6048 0.382012 7.23053 3897650
46.6378 0.382283 7.29939 5679913
46.7314 0.38305 7.47342 6849438
46.7682 0.383351 7.52187 5489673
46.7917 0.383544 7.52609 1406568
46.9089 0.384504 7.52735 3229962
46.9869 0.385144 7.61193 3957306
47.0715 0.385838 7.62013 4858290
47.0996 0.386068 7.63655 3896349
47.1057 0.386118 7.64677 6400762
47.12 0.386235 7.67222 5574627
48.4433 0.397082 7.73832 1532774
48.559 0.39803 7.75127 4172832
48.6512 0.398786 7.77938 621345
48.7101 0.399268 7.79506 7632120
48.7409 0.399521 7.82051 6850109
49.258 0.40376 7.90964 4174812
49.2973 0.404082 7.98308 1850540
49.444 0.405285 7.99171 3896279
49.6744 0.407173 8.01471 4182371
50.3456 0.412675 8.01884 5574732
50.5144 0.414059 8.02519 7546008
50.7025 0.4156 8.06412 5432698
50.8435 0.416756 8.08675 6479348
50.8725 0.416994 8.11851 4772767
51.0004 0.418042 8.12504 1762207
51.0077 0.418102 8.12733 3956768
51.067 0.418588 8.15362 7631185
51.7728 0.424373 8.192 812361
51.8007 0.424602 8.25829 6495933
51.8193 0.424754 8.32296 5680321
51.9423 0.425762 8.32675 6850391
51.99 0.426154 8.34788 5347116
52.2782 0.428516 8.38666 4861597
52.3728 0.429292 8.41179 4018808
52.3869 0.429407 8.4432 1907592
52.4579 0.429989 8.50699 3232044
52.5142 0.430451 8.61898 7461971
52.6119 0.431251 8.62887 3895884
52.6202 0.431319 8.69236 5434462
52.6508 0.43157 8.71679 5680002
52.6751 0.43177 8.72977 3990806
53.095 0.435211 8.73777 7632286
53.3292 0.437131 8.77125 3959218
53.3453 0.437263 8.7912 2900841
53.4203 0.437878 8.88286 4104166
53.4373 0.438017 8.91757 4523609
53.4629 0.438227 9.04778 4772228
53.8712 0.441574 9.05486 5433239
54.2548 0.444718 9.0826 4771778
54.4011 0.445917 9.08803 6352497
54.4352 0.446196 9.16432 3231352
54.4504 0.446321 9.17395 5679912
54.4697 0.446479 9.17609 3231719
54.5113 0.44682 9.21682 6842996
54.5694 0.447297 9.23079 7654296
54.749 0.448769 9.25634 6996395
54.7611 0.448868 9.31034 4275529
54.7848 0.449062 9.3136 4669270
54.8254 0.449395 9.322 5691933
54.8358 0.44948 9.51898 4175698
54.87 0.44976 9.61954 5679849
55.4836 0.45479 9.67406 4855689
55.4893 0.454837 9.69317 5349185
55.6439 0.456104 9.70043 4175701
56.7785 0.465404 9.74092 4179434
56.7884 0.465485 9.80317 3890632
56.8879 0.466301 9.82931 6849951
57.816 0.473908 9.85556 4672439
57.89 0.474515 9.88623 16991
57.9044 0.474633 9.92169 3740729
57.9165 0.474732 9.95048 3896640
57.9497 0.475005 9.99859 1290252
58.1265 0.476453 10.1823 3899450
58.1479 0.476629 10.187 4182803
58.1875 0.476954 10.2141 663933
58.3874 0.478592 10.3173 4774896
58.3954 0.478657 10.3336 224553
58.6772 0.480968 10.4116 3231460
58.7042 0.481188 10.4318 5011633
58.7125 0.481257 10.4687 5354190
58.7963 0.481944 10.6346 5163788
58.8087 0.482045 10.666 3957019
58.8213 0.482148 10.9146 1785460
58.8416 0.482315 11.0663 1851124
58.8659 0.482514 11.1322 4191715
58.8914 0.482723 11.2796 3231444
59.0297 0.483857 11.3378 3658584
59.1769 0.485063 11.5141 4276684
59.205 0.485294 11.526 6272998
59.2205 0.485421 11.7679 3897366
59.2794 0.485904 11.9098 5431724
59.2896 0.485987 11.9618 1915942
59.3004 0.486076 11.9639 5433447
59.3314 0.48633 11.9712 4180863
59.338 0.486384 12.0147 3060941
59.3724 0.486666 12.0182 4177168
59.3994 0.486887 12.0976 3896496
59.427 0.487114 12.1529 6765344
59.4409 0.487228 12.1866 3898176
59.4693 0.48746 12.2455 6763953
59.4798 0.487546 12.4134 5765452
59.512 0.48781 12.5173 3897129
59.6253 0.488739 12.557 1454791
59.6316 0.488791 12.6397 4175769
59.6455 0.488905 12.8451 4858012
59.6696 0.489102 12.9588 5943825
59.6871 0.489246 13.0652 3986646
59.7212 0.489525 13.0997 6764521
59.9466 0.491372 13.1224 5565405
59.9616 0.491495 13.224 3957021
60.1893 0.493362 13.3103 5433854
60.207 0.493507 13.3404 3840698
60.2142 0.493566 13.3961 6742012
60.2334 0.493723 13.5936 4827683
60.2602 0.493943 13.636 4175687
60.2702 0.494025 13.6446 4355529
60.2879 0.49417 13.8541 3898433
60.2918 0.494202 13.8579 4174368
60.3682 0.494828 14.088 3939867
60.3911 0.495016 14.3483 1967832
60.4115 0.495183 14.7115 4183363
60.5106 0.495995 14.7224 3945292
60.5398 0.496235 14.7801 1424264
60.5538 0.496349 14.9783 3740615
60.5647 0.496439 15.0363 5219513
60.6366 0.497028 15.5218 5353992
60.6567 0.497193 16.1191 3280360
60.6945 0.497503 16.1201 1602676
60.722 0.497729 16.3478 3893340
60.7971 0.498344 16.6495 4184116
60.8079 0.498433 16.7297 7771219
60.8241 0.498565 16.7623 6140986
60.8432 0.498722 17.0841 3957376
60.8827 0.499045 17.1372 5680285
60.8964 0.499158 17.1674 5943524
60.9122 0.499288 17.1707 1531434
60.9403 0.499518 17.4109 2059684
60.9878 0.499907 17.4131 6849967
61.0011 0.500016 17.584 5453601
61.0422 0.500353 17.6209 5572467
61.0773 0.500641 17.7028 1914897
61.1049 0.500867 17.8602 64293
61.1197 0.500988 17.9838 2117768
61.1456 0.501201 17.9995 4733879
61.2447 0.502013 18.0193 5655967
61.2626 0.50216 18.096 3885379
61.2846 0.50234 18.2695 5573497
61.3001 0.502467 18.3299 55359
61.3154 0.502592 18.3324 6273148
61.3262 0.502681 18.5694 7179580
61.3348 0.502751 18.6772 3740504
61.3453 0.502838 18.6822 4776666
61.3715 0.503052 18.7556 3740716
61.3792 0.503115 18.8276 3899099
61.3947 0.503243 18.8454 4183948
61.4071 0.503344 19.0763 4477578
61.4425 0.503634 19.1053 4120133
61.4721 0.503877 19.1833 1916755
61.4797 0.503939 19.1915 4575100
61.4968 0.504079 19.3148 4576642
61.5061 0.504155 19.3753 7517598
61.5193 0.504264 19.4961 1999979
61.5274 0.50433 19.5704 3740636
61.5471 0.504491 19.611 3740761
61.5667 0.504653 19.7166 1971060
61.7103 0.50583 19.749 2001436
61.7281 0.505975 19.8781 5680322
61.7515 0.506167 19.8846 3740798
61.8466 0.506947 20.0162 7344392
62.024 0.5084 20.0185 4126023
62.0404 0.508535 20.0766 7459964
62.1013 0.509035 20.1207 324376
62.1106 0.50911 20.339 5656718
62.1424 0.509371 20.3535 4787898
62.1542 0.509468 20.4167 6312171
62.1818 0.509694 20.446 5682858
62.2256 0.510054 20.5564 4123851
62.2699 0.510416 20.6244 3908602
62.2811 0.510508 20.7109 7334398
62.3019 0.510679 20.7269 3740590
62.311 0.510753 20.7581 6898662
62.3342 0.510943 20.9257 3849579
62.3554 0.511117 20.926 3740191
62.3689 0.511228 21.3563 3899012
62.3945 0.511438 21.3645 1580842
62.45 0.511893 21.4022 7770793
62.4681 0.512041 21.4594 6765012
62.5022 0.51232 21.5515 4175278
62.6089 0.513195 21.7081 3850063
62.6237 0.513316 21.7407 68164
62.6388 0.51344 21.7534 6888089
62.7257 0.514153 21.8021 1725065
62.8068 0.514817 21.8109 3861037
62.8215 0.514938 21.9712 4854631
62.8416 0.515103 22.2178 4354294
64.0768 0.525227 22.348 3770369
64.1224 0.525601 22.3567 1343334
64.1664 0.525962 22.3683 6406378
64.1799 0.526073 22.5744 6849657
64.2384 0.526552 22.6147 3845793
64.2572 0.526706 22.785 1722736
64.2941 0.527008 22.7896 3908112
64.3089 0.52713 22.9967 5431563
64.3346 0.527341 23.0182 3740872
64.3616 0.527561 23.0361 5193417
64.3752 0.527673 23.1068 4277824
64.4155 0.528003 23.3449 441812
64.4393 0.528199 23.3559 3772115
64.9117 0.532071 23.4678 1489446
64.9261 0.532189 23.653 3736054
65.0297 0.533038 24.047 1490106
65.0418 0.533137 24.0845 3739814
70.1168 0.574736 24.3654 1489586
70.4336 0.577333 24.39 5656262
70.643 0.579049 24.4406 4613129
70.7048 0.579556 24.4449 6748188
70.7695 0.580086 24.6386 1971021
70.8015 0.580348 24.6694 3770980
70.9296 0.581398 24.8422 3770109
70.9394 0.581479 24.8568 6849974
70.9522 0.581584 24.9061 6850132
70.9608 0.581654 24.961 4183919
70.9676 0.58171 24.9638 2109995
71.0434 0.582332 24.9647 1999721
72.6158 0.59522 25.0376 3770297
72.718 0.596058 25.1278 3885611
73.7345 0.60439 25.3885 2058078
73.7802 0.604765 25.899 6408452
73.8106 0.605013 26.0178 3740344
74.4551 0.610296 26.0314 1906816
74.4924 0.610602 26.0569 1815484
74.5599 0.611155 26.095 7264220
74.5935 0.611431 26.0993 4323035
74.6024 0.611504 26.1492 3894293
74.6319 0.611746 26.1674 197007
74.6794 0.612135 26.2629 3740717
74.6945 0.612259 26.323 3277464
75.4819 0.618713 26.4042 3771053
75.4952 0.618822 26.4884 7601246
76.1661 0.624321 26.5297 7117306
76.7715 0.629283 26.5313 3770237
76.785 0.629394 26.5693 1913649
76.8093 0.629594 26.6627 2002794
76.8245 0.629718 26.7091 1425032
80.4494 0.659431 26.7782 1490579
80.5557 0.660302 26.7938 722530
80.586 0.660551 26.823 4187796
80.5997 0.660663 26.8326 7801708
82.0609 0.67264 26.8862 1489573
82.1153 0.673086 26.891 7572300
82.1559 0.673419 27.0546 3906471
84.5076 0.692695 27.1797 1971059
84.5238 0.692828 27.1993 7323268
85.2802 0.699028 27.3142 3907880
85.4818 0.70068 27.3726 1490740
85.8871 0.704003 27.4693 7454084
86.1431 0.706101 27.4765 6139137
86.1654 0.706283 27.5447 4006159
86.1894 0.70648 27.5879 3844366
86.1976 0.706548 27.6503 2041363
87.7953 0.719644 27.7199 3769928
87.8115 0.719777 27.8273 3859331
87.8195 0.719842 28.0161 1665291
87.8466 0.720064 28.1639 3740588
88.4583 0.725078 28.2428 3770290
88.4973 0.725398 28.407 6139762
88.5037 0.72545 28.4232 3895621
88.5183 0.72557 28.4367 3890408
88.5251 0.725626 28.4405 3229921
88.7677 0.727614 28.6955 4193088
88.8253 0.728087 28.8744 2043519
89.1125 0.730441 28.9165 3908885
89.1609 0.730838 28.9182 3739205
89.1756 0.730958 29.1019 5349236
89.1909 0.731083 29.1521 1684955
89.2034 0.731186 29.2797 3849434
89.2154 0.731284 29.3344 1999942
89.2465 0.731539 29.3799 3690051
89.2508 0.731574 29.4556 1665001
89.3399 0.732305 29.6034 3907672
89.6693 0.735005 29.7914 6407459
89.7319 0.735517 29.8461 7602085
90.6807 0.743295 29.8469 3740560
91.4521 0.749618 29.9089 2258306
91.5025 0.750031 30.129 7119455
93.7455 0.768416 30.2655 3885736
93.7627 0.768558 30.5964 1118931
93.8124 0.768965 30.7044 3740591
94.2206 0.772311 30.9307 3887416
97.0616 0.795598 30.948 3908604
97.2822 0.797406 30.9559 224615
97.29 0.797471 31.0818 2086185
97.6699 0.800585 31.1416 3848579
99.7313 0.817481 31.1998 3907977
99.7386 0.817541 31.2432 3851203
100.214 0.821441 31.3326 4191400
100.233 0.821591 31.3411 1786326
100.301 0.822152 31.3452 3740202
100.377 0.822776 31.3869 6581883
100.618 0.824746 31.4171 7510561
101.173 0.829295 31.6079 3908793
101.703 0.83364 31.6083 6303565
101.729 0.833856 31.7076 3804160
103.821 0.851007 31.7572 119521
103.937 0.851957 31.8388 3740515
105.044 0.861026 31.917 6349190
105.122 0.861667 31.98 3907870
105.293 0.863066 31.9847 1851220
105.635 0.86587 31.9861 3891560
106.025 0.869073 32.0959 8018025
106.056 0.869323 32.1223 1916941
106.127 0.869906 32.1648 3891720
106.176 0.870307 32.3479 3770654
106.776 0.875223 32.3755 3908886
107.072 0.877648 32.3898 1849242
107.117 0.878024 32.4269 6513834
107.146 0.878259 32.4449 2747045
107.198 0.878687 32.4476 3740697
107.255 0.879148 32.451 7324622
107.268 0.87926 32.4906 4189444
107.408 0.880409 32.7416 1023166
107.487 0.881056 32.7421 2508599
107.511 0.881246 32.756 3740610
107.558 0.881639 32.8795 3908534
107.604 0.882015 32.9185 1370038
107.628 0.882209 32.9617 6741421
107.686 0.882684 32.9845 4192456
107.701 0.882804 33.0061 3739933
107.888 0.884343 33.1636 4120187
107.902 0.884458 33.1883 3740871
107.97 0.885009 33.4051 64304
108.03 0.885504 33.4325 1723945
108.082 0.885929 33.4588 3768349
108.112 0.886177 33.5282 7810871
108.214 0.887015 33.5476 5694972
108.219 0.887056 33.5535 3740479
108.261 0.887396 33.7421 3986266
108.301 0.887727 33.7705 7453753
108.36 0.888212 33.797 3986197
108.409 0.888611 33.9436 3769526
108.81 0.891902 34.0468 7516542
108.888 0.892539 34.1157 224938
109.146 0.89465 34.2109 7116870
110.122 0.902656 34.2353 1845252
110.16 0.902966 34.2458 3740915
110.174 0.903075 34.2474 197820
110.247 0.903676 34.283 88046
110.298 0.904098 34.4083 3512198
110.402 0.904945 34.417 3841015
110.433 0.905205 34.4434 5985849
111.331 0.912561 34.4755 4190110
111.662 0.915274 34.6323 3908338
111.712 0.915685 34.6542 7385948
111.865 0.916937 34.8055 4820325
111.896 0.917189 34.9114 4535986
111.905 0.91727 34.9225 3898412
111.924 0.917422 34.9243 1909766
111.956 0.917689 35.0459 3842908
111.982 0.917899 35.1271 2381082
111.994 0.917997 35.1375 3886738
112.082 0.91872 35.2862 3885594
114.217 0.936216 35.3141 4119615
114.228 0.936308 35.3236 2058113
114.302 0.936911 35.3366 1789279
114.37 0.93747 35.3451 3740103
114.381 0.937566 35.3522 7483831
114.492 0.938472 35.3934 3771048
114.499 0.93853 35.5945 3740584
114.533 0.938807 35.7509 4068981
114.569 0.939105 36.1717 7482441
114.649 0.939756 36.2476 3052978
114.741 0.940517 36.2563 1916008
114.982 0.942488 36.3225 7771098
115.021 0.942809 36.3233 1276520
115.119 0.94361 36.4272 4736421
115.399 0.945903 36.5401 2001445
115.639 0.947873 36.5486 3770299
115.653 0.947987 36.6612 7524148
115.743 0.948729 36.6785 2001836
115.801 0.949206 36.6981 1967731
115.82 0.949359 36.7419 3929005
115.851 0.949614 36.7986 7284038
115.896 0.949981 36.8844 1906075
115.946 0.950388 36.9002 4708573
115.998 0.950814 36.9276 4574986
116.013 0.95094 37.0026 2040145
116.222 0.952655 37.0477 5225803
116.276 0.953099 37.0877 3740236
116.362 0.953804 37.1656 1136465
116.454 0.954553 37.2486 2044269
116.473 0.954711 37.2551 7484378
116.571 0.955515 37.2671 1370037
117.361 0.961986 37.2781 3908336
117.378 0.96213 37.3248 3740345
117.413 0.962412 37.3674 7284304
117.64 0.964273 37.3688 3770281
117.667 0.964496 37.5394 7517412
117.754 0.965212 37.9548 7534057
117.875 0.966198 38.1559 3740916
117.967 0.966954 38.1941 4070526
117.973 0.967008 38.4346 6246756
117.994 0.967181 38.4796 4067521
118.006 0.967272 38.5862 3891721
118.022 0.967411 38.7328 3739825
118.074 0.967831 38.7484 4574203
118.105 0.968087 38.771 7531650
118.215 0.968991 38.9896 1186647
118.305 0.969727 39.1848 5357928
118.327 0.96991 39.1993 1999743
118.418 0.970655 39.3846 4704459
118.425 0.970712 39.4006 62550
118.547 0.971712 39.4478 3908223
118.579 0.971973 39.6347 1968212
118.59 0.972059 39.7007 3740295
118.634 0.972425 39.7256 3843780
118.652 0.97257 40.1631 737863
118.769 0.973532 40.191 7318278
118.812 0.973884 40.2163 4224241
118.896 0.974568 40.2785 2001401
118.951 0.975018 40.8122 1725567
119.366 0.978427 40.8874 187198
119.527 0.979744 41.1973 2109630
119.533 0.979796 41.2861 7515765
119.638 0.98065 41.3183 3770086
119.646 0.980719 42.0135 3741142
119.663 0.980854 42.5329 229982
119.826 0.982193 42.7522 4191889
119.853 0.982413 42.9322 3052062
119.863 0.982497 43.0382 1789409
119.879 0.982629 43.1881 3889817
119.913 0.982904 43.2072 3885023
120.028 0.98385 43.2773 1537852
120.114 0.984556 43.3777 243143
120.147 0.984829 44.3084 1578023
120.45 0.987307 44.578 3769989
120.474 0.987503 45.1083 2001567
120.544 0.988083 45.5049 3906749
120.562 0.988227 45.7681 3386551
120.574 0.988326 46.0511 1722690
120.63 0.988783 46.0518 1723946
120.638 0.988851 46.1873 6850074
120.651 0.988953 46.344 1908070
120.796 0.990143 46.7445 4191042
120.813 0.990284 46.895 3986467
120.85 0.990592 47.1495 3055950
120.862 0.990689 47.2531 1907879
120.898 0.990977 47.5695 1790112
120.926 0.99121 47.6897 1276611
120.976 0.991624 48.1541 1906692
121.033 0.992086 48.386 3739129
121.086 0.992519 48.6063 4187445
121.127 0.992856 48.8054 3885098
121.15 0.993046 49.1073 1999971
121.16 0.993125 49.3151 1915646
121.179 0.993286 50.1397 6404528
121.192 0.993393 50.2389 1723249
121.248 0.993849 50.4054 3739209
121.271 0.994038 50.6701 1999865
121.286 0.994158 51.2996 3055875
121.313 0.99438 52.3133 7426435
121.331 0.994528 52.4951 3740466
121.38 0.994936 52.6021 6273149
121.402 0.995111 52.8024 3986520
121.412 0.995193 53.1242 1939100
121.433 0.995368 53.3066 1580110
121.437 0.995396 53.8467 5680320
121.452 0.995518 54.3059 3772602
121.507 0.995971 54.3338 3908476
121.528 0.996145 56.3064 4068350
121.541 0.996255 56.6185 4121425
121.554 0.996359 57.1223 2348343
121.562 0.996421 57.4453 2058249
121.583 0.996596 57.7937 3767932
121.6 0.996739 59.1434 101715
121.62 0.996897 60.0862 3987447
121.647 0.997118 61.8471 3930397
121.706 0.997601 62.2794 7037130
121.716 0.997689 62.3909 1850508
121.733 0.99783 62.5825 7532430
121.746 0.99793 67.3047 2510559
121.757 0.998026 67.8339 7533592
121.767 0.998102 69.1958 3770287
121.782 0.998226 69.4229 387538
121.798 0.998356 69.4804 3907996
121.808 0.998438 72.6233 3739704
121.831 0.99863 73.3773 7425878
121.878 0.99901 76.1436 1908356
121.901 0.999202 77.3881 2058356
121.908 0.999261 81.3307 3890185
121.931 0.999447 83.1156 4488543
121.943 0.999545 83.9751 1787714
121.951 0.999616 86.9806 1908538
121.972 0.999787 95.9563 2010537
121.99 0.999932 110.362 7544913
121.998 1 132.795 3739877
