Unknown 4 358 358 358 358 float/unsigned
CumulativeMeasure | CDF | Dose | TetraID
0.00380023 0.000119241 0 3453789
0.00535056 0.000167887 0 2759212
0.00653419 0.000205026 0 3453967
0.00743605 0.000233324 0 3453932
0.0105415 0.000330765 0 2759818
0.011504 0.000360964 0 2760133
0.0135086 0.000423863 0 2760176
0.0141952 0.000445407 0 3453838
0.0149091 0.000467808 0 3453827
0.0177385 0.000556588 0 3454126
0.020783 0.000652116 0 3453746
0.0247483 0.000776538 0 2760465
0.0251094 0.000787867 0 2761021
0.0298042 0.000935177 0 3453727
0.0319848 0.0010036 0 3453661
0.0338603 0.00106245 0 2862334
0.0350456 0.00109964 0 2862537
0.0378743 0.0011884 0 3821047
0.0383125 0.00120215 0 2757061
0.0398984 0.00125191 0 2757364
0.0413961 0.0012989 0 2757393
0.0427241 0.00134057 0 3821079
0.0432496 0.00135706 0 2757597
0.0442038 0.001387 0 3821071
0.0447806 0.0014051 0 2757641
0.045008 0.00141223 0 2757642
0.0484606 0.00152057 0 3453650
0.0493558 0.00154866 0 2758384
0.0504529 0.00158308 0 3820955
0.0507827 0.00159343 0 3820805
0.0513308 0.00161063 0 2758566
0.0514552 0.00161453 0 3820222
0.0559263 0.00175482 0 2758588
0.0576724 0.00180961 0 3454138
0.0588816 0.00184755 0 3452655
0.0620709 0.00194762 0 3453479
0.0623727 0.00195709 0 3453466
0.0634956 0.00199233 0 3453444
0.0656808 0.00206089 0 3453330
0.06713 0.00210636 0 1498
0.0684364 0.00214736 0 3453303
0.06923 0.00217226 0 3452094
0.070078 0.00219886 0 3452580
0.0720846 0.00226183 0 3453492
0.0730542 0.00229225 0 3452660
0.0742418 0.00232951 0 3453123
0.0750154 0.00235379 0 3453092
0.0763439 0.00239547 0 3452736
0.0771978 0.00242227 0 3453016
0.0781931 0.0024535 0 3452901
0.0795083 0.00249476 0 3452917
0.0805068 0.00252609 0 3017601
0.0819305 0.00257077 0 2864001
0.0825112 0.00258899 0 2873184
0.0836245 0.00262392 0 2924099
0.0854224 0.00268033 0 3015446
0.0875517 0.00274714 0 3015450
0.0886288 0.00278094 0 3016287
0.0890808 0.00279512 0 3017174
0.0895091 0.00280856 0 3017184
0.089729 0.00281546 0 2759291
0.0908221 0.00284976 0 3017793
0.0913966 0.00286779 0 3020249
0.0917764 0.0028797 0 3453624
0.092867 0.00291392 0 3179007
0.0955233 0.00299727 0 3453495
0.0981455 0.00307955 0 3450644
0.0991763 0.00311189 0 3453493
0.102422 0.00321374 0 2664990
0.102785 0.00322513 0 160553
0.10365 0.00325226 0 6617723
0.104675 0.00328444 0 2671805
0.105452 0.00330879 0 2672470
0.109895 0.00344821 0 3821393
0.110375 0.00346328 0 3821456
0.111025 0.00348367 0 495985
0.111579 0.00350107 0 3821460
0.112229 0.00352146 0 2673399
0.113293 0.00355484 0 3821334
0.113519 0.00356194 0 3821635
0.113875 0.00357309 0 3822599
0.115306 0.003618 0 4723395
0.116362 0.00365115 0 1563355
0.117319 0.00368117 0 3821186
0.11811 0.00370597 0 3821110
0.118851 0.00372923 0 1632745
0.119403 0.00374656 0 2757053
0.119953 0.00376382 0 2197624
0.12641 0.0039664 0.0209436 3821383
0.131969 0.00414083 0.0213088 174300
0.135279 0.00424469 0.0261742 3452172
0.143955 0.00451692 0.0267135 2869964
0.149273 0.00468381 0.0302861 545350
0.156168 0.00490015 0.0309998 3450180
0.157711 0.00494857 0.0313533 2820800
0.159346 0.00499986 0.0374684 3821094
0.164307 0.00515552 0.0445071 3452482
0.174855 0.0054865 0.0639678 3452124
0.176221 0.00552934 0.083775 3453036
0.182722 0.00573335 0.0908229 6992342
0.188411 0.00591186 0.111402 3453203
0.191982 0.00602389 0.112495 2759287
0.194447 0.00610125 0.118234 3822116
0.196479 0.00616499 0.128198 2670777
0.210272 0.0065978 0.157445 2759653
0.212557 0.00666949 0.160322 2202234
0.213675 0.00670458 0.175491 25993
0.219784 0.00689626 0.191778 3452355
0.221197 0.00694059 0.240521 2758133
0.222148 0.00697041 0.242537 3452900
0.237911 0.00746503 0.244096 3452304
0.238253 0.00747576 0.254039 33882
0.24031 0.00754031 0.26807 3453631
0.24252 0.00760964 0.277218 3453294
0.246539 0.00773575 0.282527 6201454
0.250349 0.00785529 0.326163 6909450
0.250894 0.00787239 0.349469 3454072
0.254387 0.007982 0.358906 3454203
0.255494 0.00801673 0.394633 2757324
0.264608 0.0083027 0.422443 2673384
0.26721 0.00838436 0.521172 3453467
0.269567 0.0084583 0.546931 3453135
0.272219 0.00854153 0.574066 3017610
0.272682 0.00855604 0.647647 3017795
0.279365 0.00876574 0.726289 3453632
0.283984 0.00891068 0.731506 3453655
0.285111 0.00894603 0.736642 384277
0.29267 0.00918323 0.746528 3289503
0.301501 0.00946032 0.752713 573271
0.314888 0.00988037 0.768514 2669748
0.318015 0.00997847 0.780937 3453504
0.319196 0.0100155 0.806759 2759726
0.321694 0.0100939 0.871062 3821083
0.323084 0.0101375 0.872012 3452884
0.327533 0.0102771 0.958535 3017538
0.334468 0.0104947 0.999015 2261801
0.335652 0.0105319 1.00265 3452708
0.344967 0.0108242 1.00304 3453188
0.356328 0.0111807 1.03426 3452897
0.358641 0.0112532 1.04072 2915189
0.367852 0.0115422 1.11141 3453826
0.370068 0.0116118 1.17564 6423114
0.374914 0.0117638 1.17691 2256585
0.379724 0.0119147 1.20195 2261788
0.385648 0.0121006 1.23457 2759676
0.386366 0.0121232 1.26018 3679218
4.39722 0.137973 1.28094 4075543
4.40237 0.138135 1.31756 174346
4.41221 0.138444 1.36745 568410
4.41638 0.138574 1.74323 2860340
4.43427 0.139136 1.77852 2670468
4.43641 0.139203 1.79388 3287317
4.44941 0.139611 1.82648 2673740
4.44961 0.139617 1.91398 3822600
4.46665 0.140152 1.96676 2758672
4.46817 0.1402 2.06106 2758947
4.47165 0.140309 2.14486 2670230
4.47241 0.140333 2.30093 2760256
4.48111 0.140605 2.3156 3289979
4.48341 0.140678 2.32257 3180264
4.48562 0.140747 2.55714 3450547
4.4886 0.140841 2.59829 3452979
4.50394 0.141322 2.66785 3453166
4.51263 0.141595 2.68414 3452956
4.5203 0.141835 2.75551 6733066
4.53875 0.142414 2.83524 2758582
4.53971 0.142444 2.84263 2505415
4.54219 0.142522 3.00128 4594878
4.56305 0.143176 3.08457 2669739
4.5728 0.143483 3.12896 2758737
4.57773 0.143637 3.13808 567202
4.58599 0.143896 3.16743 6200222
4.58776 0.143952 3.2333 2863295
4.59381 0.144142 3.38014 567986
4.63605 0.145467 3.39368 6200994
4.66038 0.14623 3.4562 3451207
4.66166 0.146271 3.52283 3453909
4.6656 0.146394 3.54591 2758929
4.66974 0.146524 3.71552 2757471
4.67665 0.146741 3.75314 1949560
4.70009 0.147477 3.83554 5081263
4.70649 0.147677 3.90532 2758365
4.74154 0.148777 3.91339 3288186
4.74931 0.149021 3.97939 2671222
4.75104 0.149075 3.99165 3454041
4.75686 0.149258 4.00022 3453759
4.75796 0.149292 4.09964 1404501
4.76882 0.149633 4.25084 3452504
4.78712 0.150207 4.2944 3821097
4.80029 0.15062 4.4211 2259897
4.84205 0.151931 4.44479 3452812
4.85425 0.152314 4.46596 2671233
4.86195 0.152555 4.75679 2672854
4.89936 0.153729 4.75901 3452663
4.90103 0.153781 4.78801 3453625
4.90532 0.153916 4.80859 3821054
4.90913 0.154036 4.85732 3452648
5.00072 0.15691 5.10142 3453136
5.00251 0.156966 5.16755 3453664
5.06924 0.15906 5.19645 2860645
5.08797 0.159647 5.25435 3452036
5.09233 0.159784 5.40467 3453643
5.09824 0.159969 5.42277 173012
5.12792 0.160901 5.5069 3821052
5.13464 0.161112 5.51009 3821093
5.17572 0.162401 5.53568 3015451
5.21564 0.163653 5.75058 2575227
5.23664 0.164312 5.84824 3452895
5.24407 0.164545 5.8982 3452690
5.28771 0.165915 5.98368 2670929
5.29267 0.16607 6.00594 2757689
5.32995 0.16724 6.00637 3453290
5.34741 0.167788 6.00789 328202
5.38552 0.168984 6.26521 2202236
5.48856 0.172217 6.32631 3453885
5.51889 0.173168 6.33856 60165
5.52176 0.173258 6.34983 3451815
5.5259 0.173388 6.48492 78975
5.56556 0.174633 6.56747 6200460
5.5671 0.174681 6.57058 2861292
5.61469 0.176174 6.66965 3451962
5.6153 0.176194 6.75289 3453907
5.69022 0.178544 6.95758 5080855
5.75845 0.180685 6.9732 3821266
5.76315 0.180833 7.05907 2260622
5.79311 0.181773 7.2565 2758580
5.79609 0.181866 7.33418 3453026
5.82099 0.182647 7.35092 6201540
5.85511 0.183718 7.69197 3452910
5.86325 0.183974 7.73631 6735272
5.89772 0.185055 7.74939 3453186
5.89977 0.185119 7.83152 2859931
5.91424 0.185573 7.84806 2673432
5.91643 0.185642 7.94632 2759756
5.91838 0.185703 7.98495 2758408
5.9373 0.186297 8.09376 3453592
5.94301 0.186476 8.20001 2757744
5.97105 0.187356 8.5503 2861128
5.98372 0.187754 8.61862 2375968
5.99968 0.188254 8.71284 3452278
6.05726 0.190061 8.73005 3453894
6.05846 0.190099 8.76915 2862894
6.06261 0.190229 8.79538 3453653
6.07245 0.190538 8.86608 2759083
6.07486 0.190613 8.87799 3451749
6.10427 0.191536 8.88278 2758581
6.10813 0.191657 9.0144 3453791
6.12982 0.192338 9.04437 2756922
6.21736 0.195084 9.21199 2262810
6.23903 0.195764 9.26233 3453022
6.2504 0.196121 9.39591 2758990
6.37871 0.200147 9.40156 3451860
6.41074 0.201152 9.44482 3452037
6.43381 0.201876 9.62295 3450616
6.47624 0.203207 9.85198 3451384
6.50264 0.204036 9.87689 3453289
6.51442 0.204405 9.89047 2870088
6.52291 0.204672 9.96789 3452629
6.52853 0.204848 10.0793 4021755
6.52942 0.204876 10.0941 328130
10.5397 0.330708 10.1237 809737
10.6081 0.332854 10.1315 3453494
10.6235 0.333338 10.1834 6736184
10.6613 0.334524 10.4676 2760427
10.6773 0.335025 10.512 3821088
10.6816 0.335161 10.5984 2760294
10.6936 0.335537 10.8342 3451100
10.7165 0.336256 10.9423 3820387
10.7483 0.337252 11.03 3820572
10.754 0.337431 11.0338 3452754
10.7589 0.337586 11.0894 44928
10.7636 0.337734 11.1102 3452914
10.7674 0.337854 11.1728 3453731
10.7925 0.338642 11.3139 6200472
10.8117 0.339242 11.3903 3454084
10.8161 0.33938 11.5062 3453404
10.82 0.339502 11.5442 2670521
10.8493 0.340423 11.9483 608054
10.8786 0.341343 12.0005 3821031
10.9364 0.343157 12.1112 2860569
10.9606 0.343915 12.2359 2756491
10.9625 0.343975 12.2481 3024286
10.9674 0.344127 12.296 2758811
10.977 0.344428 12.4634 3821101
11.0407 0.346428 12.4766 3821544
11.0523 0.346793 12.7841 3453130
11.0589 0.347 12.7998 5081590
11.0716 0.347399 13.3948 3452376
11.2369 0.352586 13.4326 3453137
11.2485 0.352947 13.7269 2759805
11.2635 0.353419 14.2943 2756991
11.2673 0.353539 14.4409 3453403
11.3037 0.354681 14.6717 2758261
11.3256 0.355368 14.7465 6736185
11.3298 0.355501 14.7965 3453725
11.3366 0.355714 15.0179 3453139
11.3582 0.356391 15.4131 3821030
11.3907 0.357411 16.0533 3020322
11.3995 0.357685 16.0678 2759286
11.41 0.358018 16.3985 2757623
11.4211 0.358364 16.4581 3453668
11.4241 0.358457 16.9642 3452706
11.4378 0.358889 17.0432 2670374
11.4438 0.359077 17.0645 2669759
11.4505 0.359287 17.1127 3821265
11.466 0.359773 17.2588 495964
11.468 0.359835 17.2996 2757249
11.4754 0.360067 17.3344 2760367
11.4901 0.36053 17.3521 2669294
11.4937 0.360642 17.6708 3452739
11.506 0.361028 17.958 3821032
11.574 0.363162 18.0002 2757587
11.591 0.363695 18.8607 3023537
11.5933 0.363769 18.9791 3451495
11.6329 0.365011 19.0348 2759142
11.6352 0.365084 19.1227 2757686
11.6402 0.36524 19.453 2757496
11.6564 0.365748 19.6791 544820
11.6624 0.365936 20.026 3821100
11.7101 0.367433 20.6361 6911121
11.7172 0.367655 21.0479 2758522
11.7243 0.367879 21.5137 3821096
11.7318 0.368114 21.5189 3453284
11.7381 0.368312 22.2713 3453210
11.7539 0.368808 22.9897 6201461
11.7663 0.369195 23.1689 2757417
15.7772 0.495049 23.366 1221929
15.7778 0.495067 23.5325 3454074
15.7798 0.49513 23.637 3821062
15.7812 0.495174 23.8726 3452626
15.7845 0.495278 24.3275 159762
15.786 0.495323 25.5588 3451568
15.8038 0.495881 25.5666 2391320
15.8088 0.496037 26.3215 2760241
15.8136 0.49619 26.5035 3453217
15.8154 0.496246 26.7685 3453895
15.8167 0.496286 29.7678 3451753
15.8204 0.496402 30.1952 2759598
15.8221 0.496457 30.4368 3452665
15.8297 0.496693 31.1791 3452871
15.8412 0.497054 34.6353 3453292
15.8617 0.497698 37.2159 2760424
19.8725 0.623548 38.8551 7480083
19.881 0.623813 43.4187 3453267
19.8864 0.623983 43.4192 2760382
23.8247 0.747556 51.6723 6072380
23.8331 0.74782 55 3453621
23.8344 0.747862 55.6903 2758966
23.8396 0.748024 57.3822 96616
23.8404 0.748051 59.1188 3820705
23.8413 0.748077 60.7082 3452700
27.8522 0.873931 71.4533 809643
27.8549 0.874013 81.1677 3450932
27.8564 0.874062 82.8344 3454085
31.8674 0.999916 90.6566 3055858
31.8685 0.999949 96.1263 2172188
31.8695 0.999981 183.337 3017048
31.8701 1 250.349 3453846
