Unknown 4 719 719 719 719 float/unsigned
CumulativeMeasure | CDF | Dose | TetraID
0.0167579 0.000137362 0 3231800
0.0313965 0.000257352 0 5349236
0.0554027 0.000454127 0 5943825
0.057821 0.000473949 0 6102373
0.0635404 0.000520831 0 5349185
0.0700614 0.000574282 0 3060941
0.0772881 0.000633518 0 6273992
0.125021 0.00102478 0 5347116
0.131779 0.00108017 0 3229921
0.138341 0.00113396 0 3230932
0.172393 0.00141308 0 3231352
0.197924 0.00162235 0 3231444
0.210574 0.00172604 0 3231668
0.221072 0.00181209 0 5765452
0.232041 0.001902 0 5219513
0.237921 0.0019502 0 3232155
0.252811 0.00207225 0 3232287
0.312621 0.0025625 0 3232847
0.321583 0.00263596 0 5012278
0.327385 0.00268352 0 3414686
0.34103 0.00279537 0 4858236
0.362489 0.00297126 0 4858024
0.375995 0.00308197 0 6849657
0.390716 0.00320264 0 4771801
0.401688 0.00329257 0 6849755
0.411747 0.00337502 0 4771429
0.44515 0.00364882 0 5433448
0.459441 0.00376597 0 5574414
0.473961 0.00388498 0 5572845
0.488198 0.00400168 0 5574627
0.511418 0.00419201 0 5605172
0.552506 0.0045288 0 5572467
0.586665 0.0048088 0 5679849
0.592716 0.00485839 0 5571553
0.623328 0.00510932 0 5680002
0.636633 0.00521837 0 5453601
0.644989 0.00528687 0 5434462
0.661115 0.00541905 0 5433634
0.668607 0.00548046 0 5680292
0.683364 0.00560142 0 4854631
0.706355 0.00578988 0 5680294
0.709804 0.00581815 0 5680320
0.747085 0.00612374 0 5432134
0.764851 0.00626936 0 5680322
0.767216 0.00628875 0 5680327
0.78858 0.00646386 0 2497073
0.847486 0.00694671 0 5431724
0.855556 0.00701285 0 5431604
0.894396 0.00733122 0 5682109
0.90922 0.00745273 0 5431563
0.917521 0.00752077 0 5354190
0.943797 0.00773615 0 3804160
0.955903 0.00783538 0 4275529
0.971414 0.00796252 0 4183948
0.979949 0.00803248 0 4183919
0.984907 0.00807312 0 4183299
0.997154 0.00817351 0 4770871
1.06914 0.0087636 0 4182726
1.10274 0.00903901 0 4178216
1.14627 0.00939577 0 7202286
1.15674 0.00948163 0 4175698
1.16894 0.00958158 0 4175688
1.19148 0.00976636 0 7550729
1.21283 0.0099414 0 4182803
1.22153 0.0100127 0 4174518
1.2255 0.0100452 0 4174368
1.23762 0.0101446 0 145276
1.33673 0.010957 0 3945292
1.38677 0.0113671 0 3902840
1.39564 0.0114398 0 3894293
1.40432 0.011511 0 3896043
1.41247 0.0115778 0 3897500
1.42991 0.0117207 0 3897830
1.44557 0.0118491 0 44677
1.45267 0.0119073 0 3898145
1.4663 0.012019 0 4277824
1.48985 0.0122121 0 1406568
1.52069 0.0124648 0 6850109
1.52957 0.0125376 0 4752296
1.54239 0.0126427 0 6850132
1.56396 0.0128195 0 6850133
1.57924 0.0129448 0 6850150
1.59514 0.0130751 0 4671703
1.6188 0.013269 0 4669270
1.63116 0.0133703 0 4477578
1.64112 0.013452 0 4355529
1.64951 0.0135208 0 6850074
1.65499 0.0135657 0 972097
1.6666 0.0136608 0 4355400
1.68201 0.0137871 0 880374
1.69646 0.0139056 0 3740729
1.72422 0.0141331 0 6939639
1.74434 0.0142981 0 4354294
1.7542 0.0143789 0 6849974
1.81057 0.0148409 0.0009755 7461971
1.85657 0.015218 0.00187187 3235711
1.90987 0.0156549 0.00211074 6237667
1.95423 0.0160185 0.00234029 5573928
1.991 0.0163199 0.00238357 5489673
2.01683 0.0165316 0.00267602 7645678
2.12834 0.0174457 0.00289154 5765269
2.16615 0.0177556 0.00308806 1602676
2.18209 0.0178862 0.00330181 3896583
2.19831 0.0180192 0.00352972 4016207
2.29782 0.0188348 0.00359285 6849951
2.32533 0.0190603 0.00416444 5682858
2.34801 0.0192463 0.00428779 4177230
2.42305 0.0198613 0.00439764 4104166
2.4494 0.0200773 0.00506249 2382004
2.5047 0.0205306 0.00516245 5007663
2.58361 0.0211775 0.00528219 4104874
2.60993 0.0213931 0.00551685 3898627
2.63506 0.0215992 0.00567093 5680506
2.662 0.0218199 0.00583198 5011633
2.74015 0.0224606 0.00715217 7330665
2.74849 0.0225289 0.00805381 5680580
2.76174 0.0226375 0.00816145 197820
2.78087 0.0227944 0.00833783 3957376
2.78844 0.0228564 0.00872969 4277914
2.80068 0.0229567 0.00957421 4665716
2.81569 0.0230797 0.00991132 3957021
2.87453 0.023562 0.0103148 7632120
2.89197 0.023705 0.0125692 5432866
2.91392 0.0238849 0.013525 4771465
2.98495 0.0244671 0.01366 3232044
3.00687 0.0246468 0.01401 5573497
3.02457 0.0247919 0.0143744 7151496
3.03731 0.0248963 0.0152774 4277608
3.05692 0.0250571 0.0157489 7631892
3.06809 0.0251487 0.0161514 3891721
3.12624 0.0256253 0.016677 7654296
3.16658 0.0259559 0.0167739 6849956
3.19352 0.0261767 0.017781 3896496
3.20564 0.0262761 0.0181155 3896640
3.22441 0.0264299 0.0195221 1722736
3.34742 0.0274382 0.020201 6850391
3.64391 0.0298686 0.021527 4856059
3.65263 0.02994 0.022569 4184201
3.68671 0.0302194 0.0248974 4175278
3.72285 0.0305156 0.0250232 5567465
3.75119 0.0307479 0.0253099 6763953
3.78222 0.0310023 0.0257238 4180863
3.84157 0.0314887 0.0258108 7631185
3.87666 0.0317763 0.0259316 3231287
3.91597 0.0320986 0.0262247 1850540
3.93177 0.0322281 0.0263518 1531434
3.99528 0.0327487 0.0289552 6761450
4.05045 0.0332009 0.0307995 3872970
4.0618 0.0332939 0.0343477 1453933
4.08034 0.0334459 0.0349099 5680321
4.12786 0.0338354 0.0364435 6849967
4.14719 0.0339938 0.0369777 3231719
4.15772 0.0340801 0.0377169 4776666
4.32507 0.0354519 0.0385249 5006377
4.35933 0.0357327 0.0395249 4670548
4.39971 0.0360637 0.0398876 5679803
4.45354 0.0365049 0.0406583 4174215
4.96435 0.040692 0.0414699 4771846
4.9799 0.0408194 0.041491 3897700
5.03065 0.0412354 0.0424872 4862410
5.05857 0.0414643 0.0424957 6495933
5.11707 0.0419438 0.0433985 4776851
5.14277 0.0421544 0.0437431 7887338
5.16603 0.0423451 0.0438354 4355721
5.19924 0.0426173 0.0462288 1290252
5.27732 0.0432573 0.0468667 3957306
5.31285 0.0435486 0.0469997 4174766
5.37375 0.0440477 0.0511174 4672723
5.50798 0.0451481 0.052976 4864300
5.52286 0.04527 0.0539328 4103232
5.64393 0.0462624 0.0545659 5432841
5.82356 0.0477348 0.056828 6996395
6.10856 0.0500708 0.0571998 2117786
6.14203 0.0503452 0.0577526 4278132
6.25533 0.051274 0.0595111 1454791
6.38283 0.052319 0.0595294 4175173
6.39802 0.0524435 0.059941 5679912
6.49426 0.0532324 0.0612653 7030731
6.53386 0.053557 0.0623522 4104639
6.62776 0.0543267 0.0626916 5345878
6.69024 0.0548388 0.062907 3897198
6.71709 0.0550589 0.0648337 4175687
6.75864 0.0553994 0.0673986 6842996
6.90892 0.0566313 0.0676027 3896739
7.32881 0.060073 0.0687779 7632286
7.563 0.0619927 0.0704657 3959218
7.70131 0.0631264 0.0726684 3658584
7.73519 0.0634041 0.0730525 5574558
7.90404 0.0647881 0.073328 7546008
7.91798 0.0649024 0.0776246 4858012
8.05992 0.0660658 0.0796923 5680127
8.09239 0.066332 0.080094 5432267
8.10007 0.0663949 0.0803052 3899099
8.11247 0.0664966 0.0803154 3901927
8.15878 0.0668762 0.0806832 98424
8.17685 0.0670243 0.081298 6765012
8.19073 0.0671381 0.08485 3898176
8.21264 0.0673177 0.0853067 5574430
8.38941 0.0687666 0.0894106 3899450
8.42469 0.0690558 0.0898553 4276948
8.4308 0.0691059 0.0914891 6400762
8.45226 0.0692818 0.0923051 3897134
8.5694 0.070242 0.0937185 3229962
8.59632 0.0704626 0.0940059 5193417
9.00999 0.0738534 0.0961962 3898118
9.10526 0.0746343 0.0962958 7632017
9.1153 0.0747166 0.0964504 6559114
9.12524 0.0747981 0.0967087 3231553
9.32632 0.0764463 0.10131 4771936
9.40103 0.0770587 0.103172 6850813
9.4254 0.0772584 0.103896 31160
9.56138 0.0783731 0.105207 5574318
9.57495 0.0784843 0.105349 3899012
9.79285 0.0802704 0.106549 620058
9.8251 0.0805347 0.107147 3897129
9.85648 0.0807919 0.107387 5432742
10.0868 0.0826801 0.108189 4182371
10.1587 0.0832693 0.10849 5353992
10.1972 0.0835847 0.10982 6849428
10.3552 0.0848798 0.110318 7632125
10.4056 0.0852926 0.112084 3957254
10.4385 0.0855628 0.114169 5691415
11.0353 0.0904548 0.116282 5432069
11.121 0.0911568 0.116857 5574409
11.2116 0.0918995 0.116986 5432643
11.2247 0.0920073 0.117296 954410
11.2537 0.0922451 0.117924 4772767
12.1318 0.0994422 0.120096 2117767
12.8048 0.104959 0.121313 6849743
13.0033 0.106586 0.121355 5574387
13.0188 0.106713 0.123224 4769199
13.0474 0.106947 0.123747 3957048
14.3707 0.117794 0.124205 1532774
14.3812 0.117881 0.125725 140559
15.087 0.123666 0.130546 812361
15.0992 0.123766 0.131955 2510559
15.1242 0.123971 0.133243 5431826
15.1693 0.12434 0.143239 3901501
15.285 0.125289 0.151058 4172832
15.3009 0.125419 0.153645 664403
15.7092 0.128766 0.154704 5433239
15.7694 0.129259 0.154827 3897130
15.7869 0.129403 0.15554 6457475
15.9942 0.131102 0.156288 4175281
16.1221 0.13215 0.160896 1762207
16.1369 0.132272 0.16301 2117768
16.1775 0.132604 0.163317 5691933
18.6317 0.152721 0.164124 4104133
18.6598 0.152951 0.167207 3896349
18.7094 0.153358 0.167828 4175319
19.6376 0.160966 0.170043 4672439
19.6452 0.161029 0.173376 5544949
19.6523 0.161086 0.176093 5432188
19.7986 0.162286 0.178087 6352497
19.8137 0.16241 0.179432 3277464
19.8877 0.163016 0.180012 16991
19.9017 0.163131 0.180348 1907592
23.4468 0.19219 0.185419 3897603
23.4547 0.192254 0.186247 2086185
23.4735 0.192409 0.186489 1498877
23.5485 0.193023 0.191206 4184116
23.5643 0.193153 0.191581 3231558
23.5984 0.193432 0.198048 6764521
28.6759 0.235051 0.200364 3898379
28.684 0.235118 0.20181 3740636
32.0483 0.262694 0.206901 5574486
32.1899 0.263855 0.211954 3896668
32.3898 0.265494 0.217605 4774896
32.6353 0.267506 0.218328 4183365
36.0856 0.295788 0.219361 7642221
37.5084 0.30745 0.219453 5433212
38.0058 0.311527 0.2202 3900481
38.0741 0.312088 0.220458 3897650
38.1902 0.313039 0.224452 622069
38.4365 0.315057 0.224918 7258310
38.82 0.318202 0.226 4771778
38.8411 0.318374 0.226396 7820300
38.8573 0.318507 0.228093 6140986
39.085 0.320374 0.232207 5433854
39.1215 0.320673 0.239199 3897412
39.1356 0.320788 0.244365 665112
40.2701 0.330088 0.246223 4179434
40.2875 0.33023 0.250435 4774847
40.3 0.330333 0.255608 4175276
40.9544 0.335697 0.258479 3955600
40.967 0.3358 0.259343 4276230
41.0029 0.336094 0.267568 4175522
41.0163 0.336204 0.268279 3897733
41.3197 0.338691 0.268887 6959402
41.4133 0.339458 0.270339 6849438
41.472 0.339939 0.276235 4391372
42.4967 0.348338 0.282612 5680234
42.7849 0.350701 0.288355 4861597
42.9259 0.351857 0.288867 6479348
43.0963 0.353254 0.289613 3897993
43.1331 0.353555 0.294509 5680101
43.1725 0.353878 0.295112 5680285
43.1838 0.353971 0.305175 2058113
43.6671 0.357932 0.30858 4104620
47.4476 0.38892 0.308754 3229793
47.482 0.389203 0.320245 4177168
47.6101 0.390253 0.320483 5680293
47.6335 0.390444 0.327377 3740798
47.6546 0.390617 0.333882 4754062
47.6843 0.390861 0.336765 4184021
48.2908 0.395832 0.337162 5910133
48.3663 0.396451 0.337253 6994587
48.8544 0.400451 0.346793 6767441
51.0104 0.418124 0.34726 4771304
51.105 0.418899 0.350114 4018808
51.5046 0.422175 0.362324 3544219
51.5126 0.42224 0.364134 224553
51.5998 0.422955 0.375276 5574411
51.6121 0.423056 0.376166 3957019
51.6377 0.423266 0.376391 4772228
51.6942 0.423729 0.384563 7645429
51.7119 0.423874 0.385932 3898433
51.7256 0.423986 0.397503 5431926
52.3392 0.429016 0.397563 4855689
52.355 0.429146 0.404588 3734185
52.3641 0.42922 0.424134 6898662
52.3917 0.429447 0.441313 6765344
52.4763 0.43014 0.443648 4858290
52.542 0.430678 0.447293 7646202
52.5487 0.430733 0.463097 4179566
52.5551 0.430785 0.478588 3895621
52.6899 0.43189 0.506529 5574480
52.7007 0.431979 0.517454 5433447
52.7478 0.432365 0.532429 4275950
52.7704 0.432551 0.540114 4488543
52.8468 0.433177 0.54425 3939867
52.8619 0.433301 0.544838 1425032
52.904 0.433646 0.54704 7723693
52.9878 0.434333 0.566538 5163788
53.659 0.439834 0.575873 5574732
53.673 0.439949 0.615454 3740871
53.7009 0.440178 0.619089 5953996
53.9158 0.441939 0.626393 5680005
56.7359 0.465055 0.633472 4572376
56.7457 0.465135 0.643647 3898412
56.7596 0.465249 0.646462 4771209
56.7743 0.465369 0.649422 3890408
56.7825 0.465437 0.661971 2041363
56.7929 0.465522 0.668389 5764413
56.8204 0.465748 0.679977 64293
56.8416 0.465921 0.691118 3740191
57.1234 0.468232 0.697903 3231460
57.2211 0.469032 0.704089 3895884
57.3245 0.46988 0.704734 4181649
57.4168 0.470636 0.708665 621345
58.1339 0.476514 0.715484 730981
58.2173 0.477198 0.744381 5431925
58.441 0.479032 0.745506 4175479
58.5882 0.480238 0.770217 4276684
59.1053 0.484477 0.807786 4174812
59.1212 0.484607 0.825662 3907996
59.2662 0.485795 0.831956 5433851
59.8206 0.490339 0.838406 3897801
59.8314 0.490428 0.854198 7179580
59.8469 0.490555 0.884442 55359
59.8609 0.49067 0.911807 4183194
59.8648 0.490702 0.912581 3192809
59.8721 0.490762 0.920988 3956768
59.8838 0.490858 1.03003 7533592
59.9169 0.491129 1.05018 5679913
59.94 0.491318 1.05709 1999971
59.959 0.491474 1.09391 4181977
59.9683 0.491551 1.09748 3770287
59.9834 0.491675 1.14154 387538
60.017 0.49195 1.14247 3885023
60.0535 0.492249 1.15349 3901266
60.0807 0.492471 1.16569 3740588
60.1041 0.492664 1.17782 2058356
60.1349 0.492916 1.18008 4535986
60.1425 0.492978 1.19064 2058249
60.1822 0.493303 1.1995 663933
60.1996 0.493446 1.25576 101715
60.3542 0.494714 1.26694 4175701
60.3691 0.494836 1.30139 4347997
60.3936 0.495037 1.3075 4103834
60.4007 0.495095 1.31778 3890185
60.421 0.495261 1.33138 4183363
60.4331 0.495361 1.33883 3739814
60.4424 0.495437 1.34519 7517598
60.4507 0.495505 1.34528 3739877
60.5238 0.496103 1.35391 3306534
60.5281 0.496139 1.36778 1665001
60.7534 0.497986 1.37735 5565405
60.7643 0.498075 1.37896 7771219
60.7806 0.498209 1.38568 7150627
60.7954 0.49833 1.42212 68164
60.8131 0.498475 1.45015 5680505
60.8427 0.498718 1.48407 1916755
60.8529 0.498801 1.5206 1915942
60.8631 0.498885 1.53515 1789409
60.8823 0.499042 1.59973 4827683
60.973 0.499786 1.66174 4178895
61.0069 0.500063 1.67399 4068981
61.0305 0.500257 1.67459 6741421
61.0443 0.500371 1.8454 5943524
61.0858 0.500711 1.88614 3986266
61.1334 0.5011 1.9491 3740717
61.1881 0.501549 1.94949 6850390
61.1981 0.501631 1.9969 1939100
61.2177 0.501792 2.02426 3740761
61.2228 0.501833 2.02568 3740479
61.3507 0.502882 2.05541 4177263
61.5388 0.504423 2.13438 5432698
61.5663 0.504649 2.16319 3893340
61.6069 0.504982 2.19736 3906471
61.6471 0.505311 2.34124 441812
61.6569 0.505392 2.39975 3232229
61.6661 0.505467 2.41241 5656718
61.7724 0.506338 2.41793 722530
61.7938 0.506513 2.4909 3767932
61.8396 0.506889 2.5272 6513834
61.8788 0.507211 2.52844 1276520
61.9217 0.507562 2.58081 4224241
61.9367 0.507685 2.59734 3772602
61.952 0.507811 2.65887 2040145
61.9701 0.507959 2.68064 3740466
61.9878 0.508104 2.69052 7544913
62.0061 0.508254 2.81157 1786326
62.0294 0.508445 2.82767 3849579
62.0419 0.508547 2.92437 3849434
62.0595 0.508691 2.9526 737863
62.0764 0.50883 3.03622 4523609
62.1175 0.509167 3.04826 3885098
62.1467 0.509406 3.1063 1424264
62.1543 0.509469 3.12045 4575100
62.1664 0.509568 3.14221 1787714
62.175 0.509638 3.14385 1908538
62.2262 0.510058 3.22118 4574203
62.333 0.510934 3.23832 3850063
62.356 0.511122 3.27217 4175699
62.3679 0.511219 3.28171 6312171
62.4593 0.511968 3.29489 2044269
62.4944 0.512257 3.40134 1790112
62.5313 0.512559 3.43616 3908112
62.5759 0.512925 3.53271 3843780
62.6095 0.5132 3.56923 5944033
62.6214 0.513298 3.61184 3886738
62.6425 0.513471 3.63153 4067521
62.6828 0.513801 3.67232 7453753
62.7097 0.514022 3.68243 3052062
62.7957 0.514727 3.72843 1136465
62.8268 0.514981 3.76716 3690051
62.8894 0.515494 3.82741 7602085
62.9197 0.515743 3.8375 3740344
63.1468 0.517604 3.87029 3770281
63.1953 0.518001 3.89996 3739205
63.214 0.518155 3.96085 3929005
63.2484 0.518437 4.03305 7284304
63.267 0.518589 4.14398 1909766
63.2846 0.518733 4.186 3986646
63.3715 0.519446 4.21547 1725065
63.3937 0.519628 4.21718 4779764
63.407 0.519737 4.22491 1999979
63.4445 0.520045 4.27533 3055950
63.4582 0.520157 4.28736 7801708
63.551 0.520917 4.31258 1916008
63.5823 0.521173 4.32276 7531650
63.5993 0.521313 4.32466 4576642
63.6298 0.521563 4.35209 1916941
63.7517 0.522563 4.37846 3908223
64.5081 0.528763 4.38208 3907880
64.5728 0.529293 4.43963 1971021
64.6764 0.530142 4.52736 1490106
66.1376 0.542119 4.54323 1489573
66.15 0.54222 4.54679 1908070
66.2056 0.542676 4.55081 3739209
66.2257 0.542841 4.55871 3280360
66.3963 0.54424 4.59144 1851220
66.4697 0.544841 4.60227 88046
66.538 0.545401 4.66386 3740202
66.5933 0.545854 4.66506 3908476
66.6955 0.546692 4.67594 5694972
66.7475 0.547118 4.6823 4574986
67.2775 0.551463 4.69224 6303565
67.6197 0.554267 4.7079 3891560
67.6725 0.5547 4.71909 4187445
67.689 0.554835 4.73553 229982
67.7007 0.554932 4.7453 7483831
67.7216 0.555103 4.74557 2010537
68.0238 0.55758 4.76134 3769989
68.0819 0.558057 4.76616 1967731
68.1361 0.5585 4.80674 6767428
68.5414 0.561823 4.82748 7454084
69.4388 0.569179 4.8456 4190110
72.2799 0.592466 4.90501 3908604
77.3548 0.634065 4.92149 1489586
77.3884 0.63434 4.92227 4323035
78.1758 0.640795 4.97824 3771053
79.2823 0.649864 4.995 6349190
79.435 0.651116 5.05483 4820325
79.5453 0.65202 5.05594 1186647
81.143 0.665116 5.0701 3769928
81.2006 0.665588 5.12409 2043519
81.2596 0.666072 5.1669 7037130
81.3036 0.666433 5.16748 6406378
81.3169 0.666541 5.18829 7601246
82.0883 0.672864 5.2549 2258306
82.1781 0.673601 5.26849 5357928
82.2574 0.674251 5.27393 3052978
82.3079 0.674665 5.2841 1906692
83.0974 0.681136 5.31535 3908336
84.1138 0.689467 5.3171 2058078
84.1258 0.689566 5.34097 1999942
84.204 0.690207 5.35362 3907870
84.228 0.690404 5.37953 3844366
84.2653 0.690709 5.39504 1815484
84.865 0.695625 5.39761 3908886
84.8723 0.695685 5.40246 3851203
84.892 0.695846 5.40354 1971060
88.5169 0.725559 5.41149 1490579
88.5671 0.72597 5.44498 7385948
88.5797 0.726073 5.44726 1785460
88.7264 0.727276 5.45505 3896279
88.9143 0.728816 5.47815 4120187
89.0424 0.729866 5.51136 3770109
91.2853 0.748251 5.5128 3885736
91.6147 0.750951 5.51823 6407459
91.8707 0.753049 5.53733 6139137
91.9485 0.753687 5.57157 224938
92.092 0.754864 5.59661 2001436
92.1207 0.755099 5.65732 2747045
92.1488 0.755329 5.70669 6272998
92.1624 0.75544 5.72191 1913649
92.4028 0.757411 5.74009 7771098
92.5203 0.758374 5.7403 7318278
93.4691 0.766151 5.76308 3740560
93.6465 0.767605 5.81491 4126023
93.6604 0.767719 5.86182 7524148
93.6923 0.76798 5.91012 1968212
93.738 0.768355 5.94269 6408452
93.8055 0.768909 5.94988 7264220
94.4109 0.773871 5.96516 3770237
94.4671 0.774331 5.99374 7324622
94.528 0.774831 6.00374 324376
94.5439 0.774961 6.0671 3377587
94.6057 0.775468 6.08662 6748188
96.6982 0.792619 6.09608 119521
96.9076 0.794336 6.10094 4613129
96.9311 0.794529 6.13043 7425878
96.9542 0.794718 6.13522 1999865
98.5266 0.807606 6.19738 3770297
99.1711 0.812889 6.22405 1906816
99.8421 0.818389 6.24741 7117306
99.849 0.818446 6.27787 62550
100.089 0.820416 6.311 3770299
100.112 0.820598 6.31142 4006159
100.156 0.820965 6.31698 1906075
100.206 0.821372 6.32951 4708573
100.264 0.821846 6.33355 4192456
100.29 0.822058 6.33393 4733879
101.266 0.830064 6.34766 1845252
101.682 0.833472 6.36731 187198
101.822 0.834621 6.39384 1023166
101.86 0.834931 6.40957 3740915
102.021 0.836249 6.43576 2109630
102.113 0.837005 6.44454 4070526
102.589 0.840904 6.44539 4191400
102.602 0.84101 6.49558 1723249
103.214 0.846025 6.49756 3770290
103.324 0.846931 6.54971 3771048
105.676 0.866207 6.56908 1971059
106.911 0.876332 6.57029 3770369
109.045 0.893827 6.60484 4119615
109.134 0.89455 6.62588 3885594
109.413 0.896843 6.65236 2001445
109.484 0.897423 6.66047 3906749
109.511 0.897645 6.67941 7517412
109.582 0.898229 6.68995 3891720
109.686 0.899076 6.76344 3841015
109.696 0.899163 6.76734 1850508
109.784 0.899879 6.77032 7534057
109.819 0.90017 6.80296 4120133
109.863 0.90053 6.81247 4123851
110.121 0.90264 6.81504 7116870
110.223 0.903478 6.85353 3885611
110.24 0.903619 6.86057 7532430
110.449 0.905335 6.86097 5225803
110.523 0.905938 6.8917 1789279
110.819 0.908363 6.91046 1849242
111.136 0.91096 6.96829 5656262
111.225 0.91169 6.9741 3907672
111.264 0.91201 6.99685 6139762
111.281 0.912155 7.05651 3840698
111.293 0.912253 7.07522 1907879
111.309 0.91238 7.07799 3897366
113.37 0.929277 7.12206 3907977
113.61 0.931247 7.22231 7510561
114.083 0.935119 7.27826 1489446
114.303 0.936927 7.30669 224615
114.858 0.941475 7.31278 3908793
114.878 0.941634 7.33646 7484378
114.903 0.941844 7.37914 2381082
115.019 0.942793 7.44569 3740515
115.045 0.943008 7.45986 3740716
115.07 0.943207 7.48352 4191715
115.471 0.946498 7.53108 7516542
115.481 0.946578 7.55225 1915646
115.535 0.947024 7.61566 7572300
115.589 0.947468 7.7428 3740236
115.65 0.947963 7.95891 1723945
115.851 0.949615 7.9714 1490740
115.91 0.950095 8.01382 3845793
116.055 0.951285 8.03167 4191042
116.076 0.95146 8.03786 1580110
116.089 0.951564 8.13292 2348343
116.48 0.954767 8.13375 8018025
116.526 0.955144 8.15463 1370038
116.605 0.955791 8.30542 2508599
116.847 0.957779 8.31014 4193088
116.879 0.958039 8.40172 5985849
116.978 0.958851 8.48394 5655967
117.028 0.95926 8.49019 6273149
117.123 0.960039 8.50845 7344392
117.138 0.960159 8.61888 3055875
117.168 0.960408 8.68709 4187796
117.185 0.96055 8.73252 1118931
117.201 0.960675 8.80057 6273148
117.305 0.961528 8.83377 3770086
117.319 0.961646 8.85237 3736054
117.4 0.96231 8.86312 3861037
117.687 0.964664 8.90504 3908885
117.733 0.965038 8.93926 1343334
117.809 0.96566 9.08977 1999721
118.217 0.969005 9.14747 3887416
118.244 0.969227 9.18408 7426435
118.624 0.972341 9.19547 3848579
118.691 0.972892 9.21574 64304
118.789 0.973695 9.22576 1370037
118.804 0.973819 9.26248 6888089
118.895 0.974564 9.29337 4704459
118.914 0.974723 9.45907 3987447
118.937 0.974911 9.47113 1967832
118.966 0.975144 9.50282 1276611
119.022 0.975606 9.61206 3739129
119.12 0.976407 9.65537 4736421
119.21 0.977149 9.70347 2001836
119.541 0.979862 9.73741 3908338
119.548 0.979913 9.87307 4175769
119.564 0.980045 9.87805 3889817
119.588 0.980241 9.89738 3772115
119.598 0.980322 9.95877 3739704
119.633 0.98061 10.0769 1914897
119.709 0.981235 10.1122 6581883
119.727 0.981382 10.219 3885379
119.777 0.981795 10.2191 7119455
119.789 0.981893 10.2695 1722690
119.821 0.982154 10.2696 4787898
119.88 0.98264 10.2976 3986197
119.906 0.982849 10.3311 1580842
119.935 0.983092 10.3542 197007
119.949 0.983201 10.4289 4121425
119.968 0.983361 10.5141 6404528
120.018 0.983769 10.5165 3740591
120.048 0.984016 10.6937 7810871
120.095 0.984397 10.7126 1908356
120.215 0.985383 10.7352 3740916
120.301 0.98609 10.7762 243143
120.324 0.98628 10.8962 3740610
120.333 0.98635 10.9506 3741142
120.448 0.987295 11.0749 1537852
120.503 0.987746 11.2288 1725567
120.551 0.988139 11.2401 3908534
120.564 0.988245 11.2918 5943783
120.579 0.988365 11.366 3739933
120.647 0.988924 11.516 3740103
120.656 0.988994 11.5699 3740504
120.704 0.989393 11.8237 3769526
120.725 0.989563 11.8532 3740590
120.736 0.98965 11.9955 3740295
120.757 0.989824 12.3185 4068350
120.771 0.989936 12.3436 4189444
120.788 0.990077 12.3877 3986467
120.804 0.99021 12.7904 3859331
120.822 0.990355 13.0882 3386551
120.866 0.990718 13.2677 3908602
121.029 0.992056 13.3235 4191889
121.036 0.992109 13.6421 7515765
121.072 0.992406 13.8035 7482441
121.124 0.992835 13.8325 3740697
121.151 0.993055 13.9658 3930397
121.202 0.993477 14.0985 3512198
121.219 0.993611 14.2018 7459964
121.275 0.994068 14.5761 1723946
121.297 0.99425 14.5986 1999743
121.317 0.994417 14.6898 1851124
121.341 0.994616 14.825 2002794
121.348 0.994672 15.7119 2109995
121.376 0.994902 15.9678 2059684
121.39 0.995017 16.0085 3740615
121.416 0.995228 16.1441 3740872
121.499 0.995911 16.2154 2001401
121.521 0.996086 16.2289 3986520
121.554 0.996359 16.2455 1578023
121.578 0.996559 16.5105 3990806
121.627 0.99696 16.532 3770654
121.637 0.997041 16.6281 3890632
121.654 0.99718 17.3348 3739825
121.706 0.997605 17.4046 3768349
121.739 0.997872 17.9728 3842908
121.756 0.998017 18.3629 3740345
121.812 0.998471 18.3685 7770793
121.844 0.998734 18.6214 3770980
121.851 0.998791 19.2336 3740584
121.866 0.998917 19.7618 1684955
121.874 0.998984 19.8324 3232055
121.89 0.999117 21.279 7323268
121.922 0.999372 22.0399 7284038
121.928 0.999425 22.2706 6246756
121.936 0.99949 22.2738 1665291
121.952 0.999622 25.2617 2900841
121.963 0.999714 28.5342 7334398
121.971 0.999773 29.2372 6742012
121.995 0.999969 33.2251 2001567
121.998 1 45.7799 3739346
