Unknown 4 358 358 358 358 float/unsigned
CumulativeMeasure | CDF | Dose | TetraID
0.000574515 1.80268e-05 0 3020249
0.00276587 8.67859e-05 0 2759756
0.00299326 9.39205e-05 0 2757642
0.00319528 0.00010026 0 3822600
0.00355633 0.000111588 0 2761021
0.00527959 0.00016566 0 3454041
0.00602081 0.000188917 0 1632745
0.00670741 0.000210461 0 3453838
0.00731377 0.000229487 0 3453846
0.00842713 0.000264421 0 2924099
0.00901365 0.000282825 0 3454074
0.0112292 0.000352342 0 6423114
0.0116812 0.000366526 0 3017174
0.0121438 0.00038104 0 3017795
0.0125819 0.000394787 0 2757061
0.0130102 0.000408225 0 3017184
0.0135624 0.000425552 0 2757053
0.0161649 0.000507212 0 3453467
0.0164666 0.00051668 0 3453466
0.0180071 0.000565015 0 2861292
0.0185522 0.000582119 0 3454072
0.0187721 0.000589018 0 2759291
0.0197673 0.000620248 0 3452901
0.0204861 0.000642799 0 3679218
0.0206105 0.000646703 0 3820222
0.0213841 0.000670977 0 3453092
0.0231302 0.000725765 0 3454138
0.0236849 0.00074317 0 3821460
0.0252352 0.000791815 0 2759212
0.0260892 0.00081861 0 3453016
0.0271528 0.000851985 0 3821334
0.0277009 0.000869182 0 2758566
0.0282815 0.0008874 0 2873184
0.0291767 0.00091549 0 2758384
0.0295066 0.000925841 0 3820805
0.0306876 0.000962896 0 2759726
0.0322427 0.00101169 0 3454085
0.0326225 0.00102361 0 3453624
0.0334872 0.00105074 0 6617723
0.0358393 0.00112454 0 3451495
0.0361944 0.00113569 0 3822599
0.041345 0.0012973 0.0123182 174346
0.0452454 0.00141968 0.0333412 2670521
0.0470216 0.00147542 0.112501 3453895
0.0539319 0.00169224 0.208799 1949560
0.0561415 0.00176157 0.715061 3453294
0.0572321 0.00179579 1.0292 3179007
0.0582576 0.00182797 2.21493 2671805
0.0593138 0.00186111 3.33255 1563355
0.0606424 0.0019028 4.89119 3452736
0.0618436 0.00194049 7.01165 2862894
0.0626748 0.00196657 7.06896 3452700
0.0641062 0.00201149 9.23587 4723395
0.0682786 0.0021424 11.3345 2860340
0.0689925 0.0021648 11.8119 3453827
0.0701154 0.00220004 12.8956 3453444
0.0710779 0.00223024 13.6903 2760133
0.0733908 0.00230281 14.9442 2915189
0.0749767 0.00235257 20.7007 2757364
0.0758288 0.00237931 22.1565 3820705
0.0801196 0.00251394 22.297 3821054
0.0811967 0.00254774 24.593 3016287
0.0850244 0.00266784 25.7689 3453731
0.0861204 0.00270223 26.1225 1404501
0.0870223 0.00273053 31.6953 3453932
0.0907011 0.00284596 33.7238 2759598
0.0976357 0.00306355 33.7865 2261801
0.113035 0.00354675 38.0429 6736184
0.113398 0.00355814 38.3284 160553
0.118383 0.00371456 44.2763 2757496
0.125943 0.00395175 48.501 3289503
0.128424 0.00402959 57.763 4594878
0.134479 0.00421958 58.22 567986
0.138412 0.00434302 63.4387 2758929
0.145928 0.00457885 63.7611 3452871
0.15652 0.00491119 64.0215 2757623
0.157617 0.00494562 66.288 3820955
4.16858 0.130799 66.783 809643
4.16969 0.130834 69.2919 2757324
4.17204 0.130908 72.3131 3453135
4.1829 0.131249 75.6669 3452504
4.18729 0.131386 76.4158 3453404
4.18818 0.131414 77.7199 328130
4.19149 0.131518 81.7349 3452172
4.20018 0.131791 96.0412 3289979
4.20651 0.131989 100.111 3453210
4.20882 0.132062 101.119 2757686
4.2094 0.13208 101.281 2757641
4.21426 0.132232 101.711 3453217
4.23477 0.132876 110.069 2760424
4.24924 0.13333 111.643 2673432
4.25395 0.133478 113.9 3452914
4.25526 0.133519 116.113 3453303
4.25605 0.133544 116.213 3452094
4.26105 0.133701 117.362 2760241
4.27852 0.134249 117.536 328202
4.29014 0.134613 118.513 3453130
4.29882 0.134886 118.675 2869964
4.30367 0.135038 119.623 2256585
4.3228 0.135638 120.679 3454084
4.32766 0.135791 121.039 2758811
4.32994 0.135862 123.447 2202234
4.33344 0.135972 123.928 3454203
4.33943 0.13616 124.735 3821100
4.34461 0.136323 124.863 96616
4.34495 0.136333 125.315 33882
4.35203 0.136555 125.324 2758522
4.39962 0.138049 126.881 3451962
4.40347 0.138169 127.944 3453403
4.40794 0.13831 128.221 2758588
4.42949 0.138986 131.289 3821030
4.43521 0.139165 132.053 2757744
4.44013 0.13932 132.239 567202
4.44361 0.139429 137.465 2670230
4.44672 0.139526 141.298 2759818
4.46563 0.14012 141.986 3453592
4.47163 0.140308 142.053 2669759
4.4733 0.14036 145.124 3453625
4.48832 0.140832 145.515 2756991
4.50931 0.141491 149.474 3452895
4.52479 0.141976 150.341 495964
4.55682 0.142981 153.846 3452037
4.58026 0.143717 156.475 5081263
4.58087 0.143736 158.996 3453907
4.5822 0.143778 164.143 3821079
4.58486 0.143861 170.346 3453495
4.59158 0.144072 171.77 3821093
4.60988 0.144646 172.991 3821097
4.61238 0.144724 173.032 3821083
4.62196 0.145025 175.295 3821101
4.62483 0.145115 175.809 3451815
4.64017 0.145596 177.245 3453166
4.64195 0.145652 177.255 3453664
4.66628 0.146416 177.871 3451207
4.70439 0.147611 178.97 2202236
4.73615 0.148608 180.8 3820572
4.79395 0.150422 181.195 2860569
4.79591 0.150483 182.065 2758408
4.80083 0.150638 182.304 44928
4.80324 0.150713 182.674 3451749
4.82169 0.151292 183.417 2758582
4.83153 0.151601 183.487 568410
4.8473 0.152095 184.492 3452304
4.8495 0.152165 185.415 3450547
4.85346 0.152289 187.536 2760465
4.87857 0.153077 188.548 6200472
4.91816 0.154319 188.617 2759142
8.92842 0.280151 188.877 809737
8.93692 0.280417 191.113 3452629
8.95287 0.280918 191.318 3452278
8.96987 0.281451 191.454 3023537
8.99294 0.282175 192.186 3450616
9.03537 0.283506 193.005 3451384
9.07176 0.284648 193.069 2758261
9.10111 0.285569 193.437 608054
9.10525 0.285699 194.594 3453653
9.27054 0.290885 196.124 3453137
9.27694 0.291086 197.468 2758365
9.28156 0.291231 197.669 3453655
9.32148 0.292484 198.913 2575227
9.32328 0.29254 204.166 3015446
9.39001 0.294634 204.489 2860645
9.39434 0.29477 205.347 2760294
9.39747 0.294868 206.443 3453504
9.40488 0.295101 206.969 2760367
9.41625 0.295457 207.664 3452897
9.41821 0.295519 209.075 2757249
9.41886 0.295539 209.241 495985
9.43107 0.295922 210.085 2671233
9.45597 0.296703 211.641 6201540
9.484 0.297583 211.761 2861128
9.58704 0.300816 212.081 3453885
9.61955 0.301836 212.261 3020322
13.6305 0.42769 212.956 3055858
13.6388 0.427949 213.136 6200222
13.6408 0.428013 214.925 2670777
13.7691 0.432039 215.03 3451860
13.8374 0.43418 215.379 3821266
13.8433 0.434366 215.668 2759676
13.8474 0.434496 215.749 78975
13.8539 0.434698 216.181 3821383
13.8554 0.434747 217.75 2820800
13.8575 0.434811 220.136 2859931
13.8694 0.435187 222.094 3451100
13.8958 0.436015 222.64 3453289
13.8969 0.436048 222.889 3453493
17.9077 0.561898 223.053 4075543
17.9133 0.562074 223.241 4021755
17.9267 0.562494 223.511 2669748
17.9279 0.562531 223.784 3453967
17.9301 0.562598 224.633 3287317
17.9314 0.56264 224.752 3452917
17.9419 0.562971 225.402 3452124
17.977 0.56407 225.424 3288186
17.9844 0.564305 225.45 3453284
18.042 0.566112 226.395 3453894
18.0485 0.566316 227.545 6992342
18.0542 0.566494 228.055 3453203
18.1417 0.569241 229.622 2262810
18.1433 0.569288 230.967 2758947
18.1829 0.570533 232.809 6200460
18.1876 0.57068 232.956 3453727
18.1905 0.570769 233.029 3454126
18.1954 0.570925 233.521 2757689
18.1999 0.571064 234.132 3017538
18.2037 0.571184 235.708 6909450
18.2334 0.572115 236.406 3821052
18.2426 0.572404 236.813 3453826
18.2725 0.573344 237.239 2758580
18.3136 0.574633 238.081 3015451
18.3274 0.575065 240.242 2670374
18.3314 0.575191 240.315 6201454
18.3336 0.57526 240.535 3453661
18.3423 0.575534 241.254 2759286
18.3801 0.576721 242.447 2760427
18.4095 0.57764 242.665 3821031
18.4242 0.578103 242.9 2669294
18.488 0.580104 245.251 3821544
18.4927 0.580251 246.356 2260622
18.5404 0.581749 246.489 6911121
18.5623 0.582435 249.095 6736185
18.6372 0.584786 249.266 5080855
18.6551 0.585347 249.384 2670468
18.6968 0.586658 249.492 3452812
18.7003 0.586766 251.288 3453650
18.7101 0.587075 252.724 2759083
18.7216 0.587436 253 3453292
18.7334 0.587806 254.506 2870088
18.7707 0.588975 256.398 3453290
22.7817 0.714829 257.01 1221929
22.7846 0.714922 257.955 3452706
22.8008 0.71543 258.405 544820
26.7391 0.839003 258.572 6072380
26.7501 0.839349 259.557 3453668
26.7511 0.839379 260.697 3821186
26.7525 0.839425 261.432 3451568
26.7641 0.839787 262.534 2759805
26.7779 0.840219 263.143 2759653
26.7809 0.840315 264.908 3453746
26.7839 0.840408 265.212 3453026
26.7966 0.840806 265.677 2375968
26.834 0.84198 266.135 3452663
26.8463 0.842367 266.673 2757417
26.8507 0.842506 267.663 3821393
26.8566 0.842689 268.124 3453759
26.8659 0.842981 268.447 3453188
26.8789 0.843389 270.227 2673740
26.9469 0.845522 274.512 2757587
26.9763 0.846445 274.654 2758581
26.9801 0.846565 275.729 3453789
27.0145 0.847646 276.351 3453186
27.023 0.84791 276.644 3453621
27.0361 0.848324 278.274 2259897
27.0388 0.848407 279.783 3450932
27.0459 0.84863 280.144 3821096
27.0465 0.848648 281.533 2197624
27.1149 0.850795 282.44 3453494
27.1215 0.851001 282.851 5081590
27.1241 0.851084 283.243 3450644
27.1298 0.851263 284.008 3452754
27.1308 0.851292 285.242 3452900
27.1516 0.851947 285.819 2669739
27.159 0.85218 286.09 3452690
27.1667 0.852422 287.601 2672854
27.1884 0.853101 287.679 3453022
27.1905 0.853168 288.501 3015450
27.2135 0.853887 290.168 3820387
27.2571 0.855257 290.261 2670929
27.2648 0.855497 291.965 6733066
27.2667 0.855557 291.968 3024286
27.2678 0.855593 293.163 25993
27.2838 0.856094 294.16 3821088
27.2996 0.85659 297.62 6201461
27.3032 0.856702 298.255 2759287
27.3335 0.857653 298.757 60165
27.3365 0.857747 300.733 3452979
31.3473 0.983597 301.908 7480083
31.3558 0.983862 304.453 3453267
31.4473 0.986736 305.318 3453136
31.4815 0.987806 306.158 3452910
31.4883 0.98802 306.266 3453139
31.4894 0.988055 306.673 384277
31.4982 0.988332 307.397 573271
31.5105 0.988718 311.876 3821032
31.5123 0.988774 313.037 3452665
31.519 0.988983 316.187 3821265
31.5243 0.98915 318.031 545350
31.5255 0.989187 318.898 3452708
31.5336 0.989443 321.306 6735272
31.5397 0.989635 321.76 3452355
31.5433 0.989747 327.276 3452739
31.5447 0.989791 328.13 3452626
31.5625 0.990348 328.432 2391320
31.6047 0.991674 331.25 6200994
31.6057 0.991704 333.541 3821071
31.6065 0.991728 333.911 2672470
31.6114 0.991884 339.58 3452482
31.6331 0.992564 345.129 2756922
31.64 0.992781 348.273 3450180
31.6491 0.993067 348.319 2673384
31.6506 0.993114 352.385 2757393
31.662 0.99347 354.864 2758990
31.6632 0.993508 355.489 3452655
31.665 0.993564 355.779 2863295
31.6709 0.993749 357.612 173012
31.6729 0.993812 359.857 3821062
31.6856 0.994211 360.677 3452376
31.6869 0.994252 363.306 2758966
31.6901 0.994354 366.17 2664990
31.6968 0.994564 366.188 3453632
31.7066 0.99487 366.882 2758737
31.708 0.994914 378.792 2864001
31.7322 0.995672 379.709 2756491
31.7363 0.995803 381.034 2757471
31.7402 0.995924 381.759 3453791
31.7412 0.995955 383.962 3017601
31.7599 0.996543 386.305 3452036
31.7612 0.996583 386.448 3451753
31.7782 0.997118 390.784 2758672
31.7791 0.997144 397.501 3452580
31.7833 0.997277 399.76 3453725
31.7865 0.997377 399.846 3453479
31.7892 0.997461 400.479 3017610
31.7902 0.997494 403.722 2172188
31.7916 0.997538 404.193 3452884
31.7924 0.997562 409.416 2760256
31.7944 0.997626 416.24 3453631
31.7958 0.997671 422.302 2758133
31.8013 0.997841 449.632 2760382
31.8061 0.997992 451.712 2261788
31.8094 0.998096 456.743 159762
31.8105 0.99813 463.67 3017793
31.8133 0.998219 472.84 3821047
31.8189 0.998393 477.698 174300
31.8266 0.998637 478.206 2671222
31.8305 0.998756 487.824 3452648
31.8391 0.999029 492.387 3452956
31.8405 0.999072 520.703 3453036
31.8415 0.999102 543.268 2505415
31.8421 0.999123 559.503 2673399
31.8441 0.999186 560.13 2760176
31.8444 0.999193 565.971 3821635
31.8458 0.999238 569.76 1498
31.8471 0.999279 590.35 3453909
31.8493 0.999347 627.466 3453330
31.8512 0.999406 644.492 2862334
31.8517 0.999423 649.181 2757597
31.8542 0.9995 667.099 3822116
31.8558 0.999551 681.305 3821094
31.8602 0.999688 699.11 3453643
31.8613 0.999726 707.006 3453123
31.8623 0.999756 774.09 3452660
31.8643 0.999819 794.771 3453492
31.8653 0.999851 829.555 3017048
31.8661 0.999875 884.254 3821110
31.8684 0.999948 913.456 3180264
31.8689 0.999963 928.083 3821456
31.8701 1 974.583 2862537
