Unknown 4 719 719 719 719 float/unsigned
CumulativeMeasure | CDF | Dose | TetraID
0.00794182 6.50978e-05 57.2773 224553
0.013822 0.000113296 73.274 3232155
0.0211455 0.000173326 76.1418 3851203
0.0294478 0.000241379 81.7848 3739877
0.0394302 0.000323203 81.9736 1939100
0.0462548 0.000379143 89.9995 2109995
0.0543414 0.000445428 91.9129 3740636
0.0600609 0.00049231 95.0061 5349185
0.0687398 0.000563449 100.935 3896043
0.0750104 0.000614848 105.848 4175769
0.0849542 0.000696356 105.862 3231553
0.0935523 0.000766833 106.606 3740504
0.0996597 0.000816894 106.97 6400762
0.107 0.000877063 112.595 3956768
0.113418 0.000929669 116.243 7515765
0.134877 0.00110556 116.758 4858024
0.146782 0.00120315 117.574 3886738
0.160784 0.00131792 120.868 3740871
0.163202 0.00133774 122.655 6102373
0.174952 0.00143405 124.355 7483831
0.182804 0.00149841 124.534 2086185
0.200042 0.00163971 124.993 1118931
0.213708 0.00175173 125.732 7801708
0.233352 0.00191275 125.941 3740761
0.24607 0.00201699 127.279 2348343
0.255792 0.00209669 130.106 1915646
0.29968 0.00245643 130.115 4123851
0.308375 0.0025277 130.188 4174518
0.317612 0.00260342 130.422 5656718
0.411174 0.00337032 130.528 6849438
0.42624 0.00349382 134.489 3277464
0.45309 0.0037139 136.522 4175687
0.476043 0.00390205 136.574 1967832
0.489351 0.00401113 136.849 4121425
0.506708 0.0041534 137.009 4774847
0.534803 0.0043837 137.31 3896349
0.543684 0.00445649 137.824 4752296
0.566645 0.0046447 138.872 4175699
0.580291 0.00475655 140.174 4858236
0.58374 0.00478482 140.443 5680320
0.594215 0.00487068 140.486 4175698
0.61011 0.00500097 140.667 4671703
0.620797 0.00508857 140.922 1850508
0.641959 0.00526204 143.802 3740191
0.6691 0.0054845 144.307 7517412
0.674057 0.00552514 144.329 4183299
0.681622 0.00558715 144.561 4277914
0.699081 0.00573025 146.275 101715
0.714948 0.00586032 148.259 3377587
0.727007 0.00595916 149.404 1787714
0.74212 0.00608303 149.909 6888089
0.755625 0.00619374 149.979 6849657
0.776668 0.00636622 150.233 4754062
0.792216 0.00649367 150.962 4769199
0.805679 0.00660402 151.082 3897733
0.818983 0.00671307 151.523 5453601
0.830588 0.00680819 152.526 4355400
0.845258 0.00692844 153.106 3739933
0.899684 0.00737457 154.05 7572300
0.914968 0.00749985 154.12 6850150
1.52668 0.012514 155.807 3770290
1.54413 0.012657 156.224 5432866
1.559 0.0127789 157.53 4103232
1.5703 0.0128715 157.587 2058113
1.62673 0.013334 158.044 7645429
2.11482 0.0173349 158.231 6767441
2.12344 0.0174055 158.413 1908538
2.13565 0.0175056 158.759 2510559
2.15281 0.0176463 158.882 7532430
2.28092 0.0186964 159.229 3770109
2.31138 0.018946 159.471 1916941
2.33575 0.0191457 159.829 31160
2.37088 0.0194337 160.277 1914897
2.39168 0.0196043 160.589 3740590
2.40451 0.0197094 160.981 6850132
2.41172 0.0197685 161.195 6742012
2.45323 0.0201088 161.486 3986266
7.52817 0.0617072 162.358 1489586
7.57611 0.0621001 162.611 3908534
9.03726 0.074077 163.327 1489573
9.08695 0.0744842 163.434 3740591
11.928 0.0977718 164.341 3908604
11.9435 0.0978993 165.528 3897700
11.9678 0.0980985 166.25 3990806
11.9778 0.0981797 166.697 3890632
11.9899 0.0982789 167.108 3739814
12.1672 0.0997327 167.42 4126023
12.1757 0.0998024 168.7 3741142
15.8006 0.129515 169.744 1490579
15.8155 0.129637 170.406 3232287
15.8279 0.129739 170.546 3957019
15.859 0.129993 170.649 3690051
15.8687 0.130073 170.698 3232229
16.3661 0.13415 171.183 3900481
16.5756 0.135867 171.477 4613129
16.6092 0.136143 172.257 4178216
16.6567 0.136532 172.476 6849967
18.2544 0.149628 172.658 3769928
18.278 0.149822 172.733 6741421
19.8504 0.162711 173.184 3770297
20.5214 0.16821 174.254 7117306
20.5469 0.16842 174.346 3231444
20.5738 0.16864 176.102 3930397
20.5917 0.168787 176.222 3885379
21.1914 0.173703 176.666 3908886
21.7968 0.178665 176.957 3770237
21.8676 0.179245 177.085 3906749
21.9026 0.179532 178.06 3231287
21.9156 0.179639 178.279 1723249
22.8645 0.187416 178.348 3740560
22.976 0.18833 179.149 5765269
28.0535 0.22995 179.301 3898379
28.127 0.230553 179.433 1789279
28.2974 0.231949 179.93 3897993
28.4648 0.233321 180.088 5006377
28.5557 0.234067 180.191 4704459
28.796 0.236036 180.414 7510561
28.8868 0.23678 180.492 4178895
28.9193 0.237047 180.652 3842908
30.3422 0.24871 181.152 5433212
30.7559 0.252101 181.162 3898118
30.8393 0.252785 181.504 5431925
30.8546 0.25291 181.668 1684955
30.8652 0.252997 181.884 140559
34.2295 0.280574 182.168 5574486
34.2417 0.280674 182.469 4175688
34.5289 0.283028 182.648 3908885
34.5366 0.283091 182.65 5544949
34.5446 0.283157 183.641 5431604
34.5648 0.283322 184.461 4354294
34.7111 0.284521 184.552 6352497
36.9541 0.302906 185.425 3885736
38.0605 0.311976 185.638 6349190
38.123 0.312488 185.768 3897198
38.1777 0.312937 185.881 6850390
38.233 0.31339 186.197 3908476
38.4018 0.314774 186.281 7546008
38.5052 0.315621 186.687 3841015
38.5191 0.315735 187.612 4771209
39.7543 0.32586 187.773 3770369
39.7775 0.32605 188.429 3740610
39.7843 0.326106 188.87 3229921
39.802 0.326251 188.927 7151496
39.8528 0.326667 189.61 4862410
39.9132 0.327162 190.276 1723945
39.9567 0.327519 190.314 7202286
39.9846 0.327747 190.876 5953996
40.0164 0.328008 190.878 4787898
40.0323 0.328138 190.973 3907996
40.5624 0.332483 191.004 6303565
41.1173 0.337032 191.102 3908793
41.1306 0.337141 191.208 197820
41.5214 0.340344 191.283 8018025
41.5446 0.340534 191.347 5605172
41.5689 0.340734 191.469 2002794
43.9206 0.36001 191.516 1971059
44.2499 0.362709 191.531 6407459
44.2946 0.363076 191.571 1906075
44.313 0.363226 191.713 1786326
44.3685 0.363681 191.86 7770793
45.2659 0.371037 192.03 4190110
45.7382 0.374909 192.037 1489446
45.8405 0.375747 192.066 5694972
47.9018 0.392644 192.071 3907977
47.9812 0.393294 192.147 3052978
48.002 0.393465 192.526 2010537
48.0201 0.393613 192.556 3740466
48.8075 0.400067 193.351 3771053
48.9423 0.401172 193.815 5574480
48.9702 0.401401 193.978 6495933
49.0874 0.402361 194.324 3229962
49.3337 0.40438 194.503 7258310
49.5353 0.406032 194.519 1490740
49.5474 0.406132 194.64 4275529
49.5931 0.406507 195.179 6408452
49.6813 0.40723 195.258 3885594
50.6978 0.415561 195.538 2058078
52.7903 0.432713 195.83 119521
52.8026 0.432815 196.187 1908070
53.0586 0.434913 196.48 6139137
53.0736 0.435035 196.7 3772602
53.1213 0.435427 196.773 5347116
53.1628 0.435767 197.165 6842996
53.192 0.436007 197.302 1424264
53.2679 0.436628 197.344 1999721
53.3832 0.437574 197.378 1537852
53.3909 0.437637 197.388 3899099
53.4299 0.437956 197.483 6139762
53.6505 0.439764 197.568 224615
53.7002 0.440172 197.575 4708573
53.7053 0.440213 198.282 3740479
53.7178 0.440316 198.417 3849434
53.8158 0.441119 198.533 1370037
53.8478 0.441381 198.851 3770980
54.0755 0.443248 199.085 5433854
54.4752 0.446524 199.106 3544219
54.5793 0.447377 199.319 3770086
54.6051 0.44759 199.347 4733879
54.922 0.450186 199.452 5656262
55.0256 0.451036 199.572 1490106
55.1783 0.452288 199.752 4820325
55.2467 0.452848 199.849 3740202
59.0272 0.483836 199.859 3229793
59.7836 0.490036 200.297 3907880
59.8099 0.490252 200.349 3898627
59.855 0.490622 200.428 3901501
61.9894 0.508117 200.441 4119615
61.9974 0.508183 200.588 1665291
62.0122 0.508304 200.682 68164
62.0338 0.508481 200.938 6850133
62.197 0.509819 201.154 4191889
62.2748 0.510457 201.456 224938
62.2902 0.510582 201.565 2040145
62.5139 0.512416 201.727 4175479
62.5653 0.512838 201.754 3512198
62.5763 0.512928 201.865 6849755
62.7856 0.514643 202.097 5225803
62.8003 0.514764 202.207 4771801
62.8237 0.514956 202.237 3740798
62.8433 0.515116 202.828 6404528
63.2487 0.518439 203.087 7454084
63.2782 0.518681 203.38 197007
64.3028 0.52708 203.417 5680234
64.3484 0.527454 203.481 1343334
64.3698 0.527629 203.481 1580110
64.3867 0.527767 203.536 3739825
64.406 0.527925 203.706 7484378
65.1954 0.534396 203.707 3908336
65.2429 0.534785 203.86 3740717
65.5394 0.537216 204.11 4856059
65.5702 0.537468 204.397 6850109
65.7881 0.539254 204.803 620058
65.8118 0.539448 204.988 4669270
65.8426 0.539701 205.608 4535986
66.1448 0.542179 205.71 3769989
66.2282 0.542862 206.055 2001401
66.2385 0.542946 206.157 1789409
66.3031 0.543476 206.165 1971021
66.3155 0.543577 206.341 4477578
66.4374 0.544577 206.345 3908223
66.4894 0.545003 206.656 4574986
66.5472 0.545477 206.716 4192456
66.5747 0.545702 206.972 64293
66.6616 0.546415 207.189 1725065
66.6741 0.546517 207.417 4175276
66.8016 0.547562 207.524 4175173
66.833 0.547819 207.688 5432742
67.3087 0.551719 207.726 4191400
67.3301 0.551894 207.733 3767932
67.5572 0.553756 207.871 3770281
68.2303 0.559272 208.368 6849743
69.207 0.567278 209.395 1845252
69.4645 0.569389 209.889 7116870
69.503 0.569704 209.936 6849428
69.5106 0.569767 210.071 4575100
69.5259 0.569893 210.103 6273148
69.5593 0.570166 210.18 5433448
69.5948 0.570458 210.243 4174766
69.682 0.571172 210.391 5574411
70.1019 0.574614 210.6 7632286
70.1127 0.574703 210.639 7179580
70.4437 0.577416 210.701 3908338
70.4677 0.577612 210.753 2001567
70.5744 0.578487 210.766 3850063
70.604 0.57873 211.357 1916755
70.6275 0.578922 211.533 7425878
71.1818 0.583466 211.699 3897801
71.1962 0.583584 212.449 3736054
71.2702 0.58419 212.741 16991
71.3037 0.584465 212.788 4278132
71.4456 0.585628 212.862 5680127
71.5113 0.586166 212.895 7646202
71.7568 0.588179 213.075 4183365
72.2739 0.592417 213.275 4174812
72.3844 0.593323 213.379 3771048
72.4406 0.593784 213.538 7324622
75.8908 0.622065 213.57 7642221
75.9047 0.622179 213.596 3898176
75.9192 0.622297 213.753 3740729
76.0473 0.623347 214.003 5680293
76.0894 0.623692 214.254 7723693
76.1174 0.623922 214.335 2059684
76.7718 0.629286 214.764 3955600
77.0144 0.631274 214.789 4193088
77.0737 0.63176 215.809 3986197
77.1008 0.631982 216.041 7426435
77.3412 0.633953 216.443 7771098
77.7427 0.637244 216.667 7516542
77.8012 0.637724 216.827 4776851
77.8167 0.637851 216.831 55359
77.8573 0.638183 216.975 3906471
77.9101 0.638616 218.131 4187445
78.0553 0.639807 218.17 4191042
78.0793 0.640003 218.186 3844366
78.1019 0.640188 218.465 7550729
78.1161 0.640305 218.539 5574414
78.1843 0.640864 218.766 3740103
78.3203 0.641979 218.788 5574318
78.3581 0.642289 218.893 3740915
78.3792 0.642461 218.931 7820300
78.4783 0.643274 219.326 5655967
78.5942 0.644224 219.554 3740515
79.9174 0.65507 219.561 1532774
79.9568 0.655393 219.693 1850540
80.3726 0.658801 219.974 187198
80.4335 0.659301 220.377 324376
80.4459 0.659402 220.425 3901927
81.5804 0.668702 220.763 4179434
81.6141 0.668977 220.852 4323035
82.2586 0.67426 221.172 1906816
82.2761 0.674404 221.511 6457475
82.3259 0.674812 221.629 6273149
82.3719 0.675189 221.826 3235711
82.3828 0.675279 221.95 5219513
82.3979 0.675402 221.98 387538
82.5259 0.676451 222.241 4177263
82.5792 0.676888 222.322 6237667
82.7227 0.678065 222.439 2001436
82.763 0.678395 222.684 441812
82.8486 0.679097 222.731 5574409
82.8744 0.679308 223.06 3740872
82.919 0.679674 223.287 3843780
82.9902 0.680257 223.458 3891720
83.0158 0.680467 223.525 2381082
83.0587 0.680819 223.545 4224241
83.2194 0.682136 223.827 2109630
83.2949 0.682755 223.829 6994587
83.4227 0.683802 223.834 1762207
83.4812 0.684282 224.105 3845793
83.5283 0.684668 224.493 4275950
83.6863 0.685963 224.678 7632125
83.7167 0.686212 224.964 4187796
84.0017 0.688548 225.007 2117786
84.0879 0.689255 225.02 243143
84.1431 0.689707 225.055 3872970
84.1806 0.690015 225.365 3055950
84.5889 0.693362 225.492 5433239
84.6471 0.693838 225.503 1967731
85.0552 0.697184 225.6 3887416
85.1016 0.697564 225.601 1908356
85.1409 0.697886 225.667 1276520
85.1867 0.698262 226.116 1370038
85.2138 0.698484 226.118 3740588
85.2279 0.6986 226.165 665112
85.2476 0.69876 226.511 7631892
85.3064 0.699243 226.528 7632120
85.3225 0.699375 226.838 5433634
85.3358 0.699483 227.12 7601246
85.3899 0.699927 227.385 3740236
85.406 0.700059 227.404 2900841
85.4653 0.700545 227.491 7631185
85.5435 0.701186 227.53 3907870
85.5775 0.701465 227.942 6764521
85.628 0.701879 227.97 1906692
85.7826 0.703146 228.103 4175701
85.8002 0.703291 228.261 737863
85.8188 0.703443 228.79 1909766
85.8452 0.703659 228.873 2382004
85.8601 0.703781 229.443 4347997
85.8942 0.704061 229.484 4175278
86.1739 0.706354 229.742 2001445
86.2303 0.706816 229.831 3739129
86.2822 0.707241 229.917 3768349
86.4618 0.708714 229.962 6996395
86.7437 0.711024 230.084 3231460
90.2888 0.740083 230.526 3897603
90.3044 0.74021 230.539 4183948
90.3983 0.74098 230.816 5345878
90.4147 0.741114 230.9 7459964
90.4423 0.741341 230.953 6765344
90.5213 0.741988 231.091 2508599
90.5452 0.742184 231.111 3772115
90.5517 0.742238 231.117 6246756
90.5744 0.742423 231.334 4177230
90.5957 0.742599 231.6 3986520
90.6629 0.743149 231.626 64304
90.7218 0.743632 231.913 5431724
90.7432 0.743807 232.05 2497073
91.1231 0.746921 232.077 3848579
91.8945 0.753244 232.331 2258306
92.0361 0.754405 232.454 3896668
92.0472 0.754496 232.818 3891721
92.2876 0.756466 233.434 3770299
92.3798 0.757222 233.539 621345
92.5676 0.758762 233.562 4120187
92.7126 0.75995 233.624 5433851
92.7707 0.760427 233.758 7654296
95.5908 0.783542 233.86 4572376
95.6671 0.784168 234.152 3939867
95.6941 0.784389 234.327 3052062
95.7025 0.784458 234.53 6850074
95.7259 0.78465 234.7 2058356
95.7317 0.784697 234.858 3414686
95.7465 0.784818 234.894 4854631
97.9025 0.80249 234.965 4771304
98.0426 0.803639 235.051 1023166
98.1389 0.804428 235.293 7030731
98.2423 0.805276 235.309 4181649
98.3627 0.806263 235.446 3740916
98.3794 0.8064 235.456 3231800
98.7215 0.809204 235.528 3891560
98.7385 0.809343 235.707 4523609
98.7669 0.809576 235.721 1276611
98.8561 0.810307 235.957 3907672
98.917 0.810806 235.974 4672723
98.9472 0.811054 236.362 7810871
99.544 0.815946 236.382 5432069
99.5776 0.816221 236.562 5944033
99.5934 0.816351 236.71 1531434
99.6374 0.816711 237.07 6406378
99.9332 0.819136 237.118 1849242
99.97 0.819438 237.145 5489673
99.9806 0.819525 237.196 3740295
100.031 0.819938 237.374 7119455
100.083 0.820367 237.409 3740697
100.173 0.821103 237.451 5357928
100.89 0.826982 237.984 730981
100.92 0.827226 237.988 4184021
100.988 0.827779 238.089 7264220
101.016 0.828012 238.305 6763953
101.092 0.828636 238.445 6581883
101.21 0.829599 239.083 7318278
101.302 0.830355 239.241 4070526
101.973 0.835857 239.249 5574732
102.019 0.836232 239.406 6513834
102.053 0.836514 239.483 7284304
102.084 0.836768 239.534 4180863
102.095 0.836857 239.729 5433447
102.109 0.836968 239.829 1913649
102.316 0.838667 239.857 4175281
102.336 0.838829 239.926 1971060
102.362 0.839043 240.025 3740716
102.379 0.839184 240.038 3986467
102.43 0.839604 240.086 4574203
102.44 0.839687 240.839 6559114
102.744 0.842174 240.978 6959402
103.449 0.847959 241.071 812361
103.485 0.848249 241.286 4120133
103.524 0.848572 241.462 5680285
103.631 0.849443 241.858 722530
103.637 0.849499 242.085 4179566
103.778 0.850655 242.159 6479348
103.794 0.850782 242.246 3897366
103.887 0.851543 242.265 1916008
104.021 0.852643 243.122 4864300
104.054 0.852916 244.076 1578023
104.088 0.853191 244.55 3885023
104.132 0.853554 244.658 3908602
105.01 0.860751 244.794 2117767
105.032 0.860931 244.904 4771465
105.117 0.861625 245.069 4858290
105.267 0.862857 245.342 3896739
105.291 0.863057 245.463 4103834
105.387 0.863837 245.851 7344392
105.423 0.864138 246.18 5680101
105.479 0.864594 246.463 3739209
105.511 0.86486 246.865 5432267
105.57 0.865341 247.068 4391372
106.177 0.870313 247.079 5910133
106.258 0.870977 247.242 3861037
106.265 0.871035 247.326 3898145
106.302 0.871337 247.562 3908112
106.472 0.872736 248.389 1851220
106.507 0.873024 248.856 1790112
106.525 0.873169 249.499 5680505
106.551 0.873379 249.547 1580842
109.005 0.893495 249.704 4104133
109.08 0.89411 250.384 4184116
109.166 0.894815 250.682 1136465
109.197 0.895066 250.988 5680002
109.204 0.895124 251.078 5432188
109.252 0.895522 251.216 3769526
109.272 0.895689 251.282 4183363
109.306 0.895967 251.405 4068981
109.398 0.896716 251.645 2044269
109.488 0.897457 251.851 2001836
109.517 0.897691 252.035 3957048
109.717 0.89933 252.111 4774896
109.804 0.900046 252.275 7534057
109.848 0.90041 252.309 5573928
109.863 0.900526 252.443 5574627
109.937 0.901139 252.787 6850813
109.961 0.901335 253.403 5943825
109.99 0.901571 253.552 2747045
110.031 0.901903 254.222 5691933
110.045 0.902018 254.286 1907592
110.057 0.902122 254.855 3231668
110.119 0.902628 255.316 6748188
110.138 0.90278 255.906 5680321
110.24 0.903618 256.216 3885611
110.252 0.903717 256.299 1999942
110.286 0.903999 256.4 4177168
110.3 0.904111 256.767 4277824
110.316 0.904244 257.061 6140986
110.344 0.904471 258.403 6939639
110.362 0.904616 258.501 3740345
110.508 0.905819 258.537 3896279
110.52 0.905916 260.644 6312171
110.547 0.906137 260.758 3896496
110.619 0.906727 260.833 4182726
110.849 0.908615 260.941 4182371
110.904 0.909066 260.97 1725567
111.518 0.914096 261.073 4855689
111.529 0.914182 261.334 5765452
111.55 0.914356 261.625 4068350
111.564 0.91447 261.868 4858012
111.661 0.91527 262.063 3895884
111.838 0.916719 263.186 3899450
111.948 0.917623 263.251 1186647
111.962 0.917732 263.74 1999979
111.968 0.917786 265.289 3230932
111.977 0.917858 265.313 3894293
112.005 0.918089 265.354 6272998
112.014 0.918157 265.914 5434462
112.045 0.918417 266.127 5985849
112.086 0.918748 266.379 5679803
112.103 0.918893 266.452 3840698
112.117 0.919008 266.549 7524148
112.215 0.919809 266.627 4736421
112.255 0.920139 268.238 7453753
112.264 0.920211 268.915 4184201
112.297 0.920481 269.139 5679913
112.37 0.921082 269.289 88046
112.429 0.921566 269.526 7037130
112.444 0.921689 269.573 3957021
112.453 0.921756 269.779 3897500
112.472 0.921912 270.059 4181977
112.562 0.922654 270.667 5432643
112.593 0.92291 270.764 7531650
112.611 0.923055 271.07 3986646
112.615 0.923087 272.326 4174368
112.638 0.923273 272.379 4488543
112.695 0.923746 272.462 2043519
112.734 0.924064 272.512 5682109
112.762 0.924289 272.909 3893340
112.857 0.92507 273.063 7632017
112.875 0.925216 274.301 5680322
112.998 0.926224 274.612 6850391
113.017 0.926381 274.844 3957376
113.049 0.926642 274.971 1968212
113.072 0.926833 275.333 4355721
113.09 0.926978 275.717 7544913
113.114 0.927177 276.534 4191715
113.134 0.927343 278.981 1851124
114.062 0.934951 279.4 4672439
114.097 0.935231 279.775 4670548
114.138 0.935568 280.482 5572467
114.232 0.936344 281.471 4018808
114.743 0.940531 281.566 4771846
114.758 0.940655 282.091 5679912
114.798 0.94098 282.454 663933
114.816 0.941128 282.654 6765012
114.825 0.941203 283.077 6898662
115.059 0.943122 283.482 3959218
115.122 0.943635 283.651 7602085
115.136 0.943754 283.949 5572845
115.62 0.947715 284.234 4104620
115.657 0.948025 284.276 1602676
115.684 0.948246 285.263 5193417
115.74 0.948703 285.647 1723946
115.777 0.949008 285.81 1815484
115.833 0.949461 286.038 5007663
115.883 0.949871 286.27 3902840
115.899 0.950005 286.404 7150627
115.916 0.950148 286.562 3897830
115.924 0.950206 287.037 3890185
115.983 0.950697 287.117 3232847
116.002 0.95085 287.602 1722736
116.052 0.951262 287.945 7385948
116.191 0.952395 288.147 3658584
116.205 0.952515 288.532 5349236
116.493 0.954878 288.686 4861597
116.526 0.955142 289.33 3897129
116.536 0.955226 289.675 1915942
116.556 0.955391 290.309 3280360
116.592 0.955689 290.668 7482441
116.616 0.955879 291.254 3849579
116.665 0.956281 291.691 3770654
116.705 0.956611 291.902 6849956
116.715 0.956697 292.794 5764413
116.903 0.958238 292.965 5432698
116.919 0.958368 293.195 3734185
116.932 0.958472 293.692 4276230
117.315 0.961616 294.391 4771778
117.326 0.961705 295.399 7771219
117.541 0.963466 296.107 5680005
117.565 0.963659 296.503 1406568
117.664 0.964472 297.36 3945292
117.889 0.966319 297.774 5565405
117.912 0.966508 298.983 5680294
118.059 0.967714 300.136 4276684
118.072 0.967814 300.191 4770871
118.171 0.96863 300.355 6849951
118.185 0.968745 300.365 4183194
118.218 0.969015 301.19 5691415
118.235 0.969155 301.656 4576642
118.242 0.969212 302.587 62550
118.441 0.970839 302.67 5574387
118.514 0.971438 302.992 3306534
118.52 0.97149 303.6 3895621
118.542 0.971672 303.725 1999743
118.617 0.972287 303.992 4104166
118.639 0.972462 304.15 4182803
118.723 0.97315 304.288 5163788
118.74 0.973294 304.42 3386551
118.755 0.973414 304.624 3890408
118.826 0.973997 304.775 3232044
118.844 0.974141 305.264 3898433
118.874 0.97439 305.451 3740344
118.89 0.974523 305.549 4016207
118.962 0.975112 305.569 5353992
118.996 0.975392 305.86 5679849
119.004 0.97546 307.127 5354190
119.014 0.975541 307.449 6849974
119.055 0.975878 307.91 3885098
119.067 0.975969 307.911 7334398
119.083 0.976104 308.043 229982
119.099 0.976237 308.183 7323268
119.149 0.976645 308.288 4175319
119.185 0.976938 308.682 4175522
119.19 0.976983 309.018 972097
119.217 0.977204 309.777 5011633
119.225 0.977266 310.214 2058249
119.252 0.977492 310.792 5682858
119.266 0.977604 310.82 4189444
119.302 0.9779 311.232 5567465
119.321 0.978054 311.323 3929005
119.344 0.978244 314.425 1999971
119.394 0.978657 315.587 3957254
119.408 0.978771 315.947 3740615
119.442 0.97905 318.189 3231352
119.468 0.979256 318.28 5680506
119.521 0.979698 318.742 4174215
119.57 0.980095 319.443 3739205
119.585 0.980223 320.028 44677
119.664 0.980863 320.983 3957306
119.742 0.981504 321.215 7330665
119.752 0.981585 321.475 4355529
119.76 0.981652 321.947 2041363
119.775 0.981774 323.103 5431563
119.79 0.9819 323.4 880374
119.854 0.982421 323.819 6761450
119.873 0.982579 324.951 3231719
119.882 0.982655 325.007 7517598
119.892 0.982732 325.536 3770287
119.915 0.982921 325.651 1999865
120.031 0.983872 325.683 622069
120.087 0.984334 325.694 7461971
120.097 0.984414 326.294 3898412
120.109 0.984514 327.971 3896640
120.121 0.984612 328.608 1722690
120.143 0.984794 330.297 4006159
120.157 0.984907 330.303 5431926
120.358 0.986555 330.836 4771936
120.38 0.986734 331.06 5574430
120.448 0.987295 334.167 3897650
120.569 0.988287 335.707 5432841
120.607 0.988593 335.726 5432134
120.64 0.98887 335.976 5574558
120.653 0.988975 338.478 4277608
120.666 0.989081 339.22 5943783
120.67 0.989112 339.937 3739346
120.686 0.989245 339.965 3859331
120.7 0.989358 340.064 5943524
120.71 0.98944 340.929 4771429
120.731 0.989613 341.079 4067521
120.75 0.98977 341.731 4827683
120.762 0.989869 342.083 145276
120.784 0.990049 342.613 5573497
120.795 0.990135 342.746 4776666
120.814 0.990293 343.384 3987447
120.827 0.990397 343.614 1785460
120.829 0.990416 344.453 5680327
120.844 0.99054 346.159 1425032
120.957 0.991469 347.515 1454791
120.982 0.991674 349.559 5431826
121.098 0.992622 349.617 4172832
121.117 0.992776 349.972 1498877
121.177 0.99327 350.516 3897130
121.208 0.993525 352.98 7284038
121.217 0.993593 354.589 5680580
121.296 0.99424 354.906 4104874
121.321 0.994452 355.286 7645678
121.334 0.994552 357.02 4665716
121.363 0.99479 357.916 4772767
121.385 0.994972 358.329 4779764
121.398 0.99508 358.763 954410
121.408 0.995161 359.18 3739704
121.424 0.995293 362.135 3889817
121.45 0.995503 362.255 4772228
121.475 0.995713 364.734 7887338
121.529 0.996157 364.838 6767428
121.535 0.996206 367.507 5571553
121.544 0.996273 372.081 3232055
121.57 0.996488 373.128 3804160
121.576 0.996542 376.408 3060941
121.591 0.996662 376.713 3055875
121.612 0.996838 379.676 3897134
121.649 0.997137 389.17 3897412
121.665 0.997267 389.476 3231558
121.698 0.997539 391.339 1290252
121.71 0.997635 396.77 7533592
121.718 0.997705 403.474 4183919
121.758 0.998029 407.592 4104639
121.794 0.998329 408.659 3901266
121.803 0.998402 409.218 5012278
121.81 0.99846 410.203 3740584
121.846 0.998749 418.104 4276948
121.853 0.998808 419.789 6273992
121.865 0.998906 425.092 1907879
121.881 0.999036 425.154 3896583
121.897 0.999166 447.756 664403
121.91 0.999277 472.563 3899012
121.956 0.999657 490.287 98424
121.964 0.999718 492.234 5680292
121.968 0.99975 568.865 3192809
121.979 0.999843 588.161 1453933
121.994 0.999965 616.194 2117768
121.998 1 617.918 1665001
