Unknown 4 719 719 719 719 float/unsigned
CumulativeMeasure | CDF | Dose | TetraID
0.0111874 9.17016e-05 0 7334398
0.0211166 0.000173089 0 3739704
0.0281455 0.000230704 0 3740584
0.0411383 0.000337204 0 1723249
0.0435566 0.000357026 0 6102373
0.0520598 0.000426726 0.011798 3741142
0.0590065 0.000483667 0.0209231 62550
0.0633006 0.000518865 0.0756589 1665001
0.0745962 0.000611453 0.117668 2058113
0.0938838 0.00076955 0.1217 7484378
0.103788 0.000850737 0.260324 3890632
0.123407 0.00101155 0.348915 6404528
0.134093 0.00109914 0.366774 1850508
0.140201 0.0011492 0.419107 6400762
0.148412 0.00121651 0.531129 2041363
0.164648 0.00134959 0.564197 7323268
0.1904 0.00156068 0.680332 3740872
0.202306 0.00165827 0.687096 3886738
0.208724 0.00171087 0.733908 7515765
0.223818 0.0018346 0.768242 387538
0.246058 0.00201689 0.783777 4006159
0.272925 0.00223712 0.835108 3930397
0.286602 0.00234923 0.955566 4189444
0.362828 0.00297404 1.01519 6581883
0.378164 0.00309975 1.14859 1684955
0.402053 0.00329556 1.15118 3772115
0.408877 0.0033515 1.29372 2109995
0.418114 0.00342721 1.31124 5656718
0.422088 0.00345979 1.35733 4174368
0.449597 0.00368527 1.416 3893340
0.522947 0.00428651 1.41903 88046
0.590473 0.00484001 1.52817 7264220
0.61355 0.00502917 1.56559 1999865
0.634902 0.00520419 1.5806 3986520
0.665355 0.0054538 1.67335 1916941
0.683954 0.00560625 1.68574 1909766
0.697493 0.00571724 1.71538 1913649
0.746094 0.00611561 1.77788 3769526
0.754965 0.00618832 1.81253 3894293
0.758727 0.00621916 1.88656 3739346
0.808415 0.00662644 1.9926 3740591
0.895338 0.00733894 2.03834 1725065
0.914111 0.00749282 2.06236 3929005
0.938414 0.00769203 2.123 2002794
0.950627 0.00779213 2.13941 2510559
0.985773 0.00808022 2.15662 1790112
0.990813 0.00812153 2.19028 3740479
1.02264 0.00838243 2.20944 1968212
1.09848 0.0090041 2.23599 1999721
1.12557 0.00922611 2.24339 7426435
1.13881 0.00933468 2.30356 1999979
1.1708 0.00959686 2.40044 3770980
1.18727 0.00973188 2.46529 229982
1.20172 0.00985034 2.51073 3740729
1.21932 0.00999457 2.54128 737863
1.23123 0.0100922 2.54662 1907879
1.25 0.010246 2.56202 1722736
1.28633 0.0105438 2.59226 7482441
1.31063 0.010743 2.64428 4191715
1.36252 0.0111684 2.64456 3768349
1.40153 0.0114881 2.72031 6139762
1.44304 0.0118284 2.72491 3986266
1.48706 0.0121892 2.77587 6406378
1.51575 0.0124244 2.81072 2747045
1.53712 0.0125995 2.82705 1580110
1.57634 0.012921 2.8734 1276520
1.62428 0.0133139 2.88407 3908534
1.63236 0.0133802 2.96186 3740636
1.69001 0.0138528 2.9987 2043519
1.86065 0.0152514 3.00048 1851220
1.90622 0.015625 3.00606 1343334
1.96194 0.0160817 3.02243 1723946
2.05334 0.0168309 3.08018 2044269
2.0745 0.0170043 3.12459 3740191
2.08235 0.0170687 3.17319 2086185
2.09748 0.0171927 3.25329 1425032
2.19262 0.0179725 3.26512 7344392
2.22649 0.0182502 3.26946 4068981
2.29763 0.0188333 3.3125 3891720
2.38748 0.0195697 3.37497 5357928
2.40553 0.0197178 3.44581 3740466
2.43118 0.019928 3.47542 2381082
2.57636 0.021118 3.54157 4191042
2.65977 0.0218017 3.59635 2001401
2.67488 0.0219256 3.64879 6888089
2.69258 0.0220707 3.66765 3840698
2.74876 0.0225312 3.66852 7324622
2.76987 0.0227041 3.71844 4067521
2.78104 0.0227957 3.74604 3891721
2.79276 0.0228918 3.76045 7533592
2.89051 0.023693 3.77578 4736421
3.29868 0.0270387 3.78597 3887416
3.31335 0.027159 3.82377 3739933
3.33347 0.0273239 3.86566 3280360
3.36458 0.0275789 3.92657 7284038
3.84029 0.0314782 3.93286 4191400
4.08061 0.033448 3.97283 3770299
4.09539 0.0335692 3.98572 68164
4.11834 0.0337574 4.00485 1967832
5.35353 0.043882 4.01187 3770369
5.37382 0.0440483 4.09151 1851124
5.39518 0.0442234 4.09985 3767932
5.42438 0.0444628 4.17898 1424264
5.66695 0.046451 4.20816 4193088
5.72194 0.0469018 4.21783 1725567
5.79009 0.0474604 4.22125 3740103
5.83759 0.0478497 4.24141 3740717
5.88656 0.0482512 4.24946 3770654
6.04982 0.0495894 4.29203 4191889
6.14894 0.0504018 4.31237 5655967
6.16498 0.0505333 4.31515 3889817
6.17823 0.0506419 4.3385 197820
6.23382 0.0510976 4.40651 3739209
6.32431 0.0518393 4.49393 2001836
6.41523 0.0525846 4.49587 4704459
6.44604 0.0528371 4.5385 4535986
6.45863 0.0529403 4.56719 1785460
6.50503 0.0533207 4.56743 1908356
6.6118 0.0541958 4.58163 3850063
6.66408 0.0546243 4.58377 3740697
6.6773 0.0547328 4.60722 7601246
6.69998 0.0549186 4.64509 4488543
6.81026 0.0558226 4.68261 1186647
7.15237 0.0586268 4.69017 3891560
10.7773 0.0883397 4.74789 1490579
10.797 0.0885011 4.7786 1971060
10.8146 0.0886452 4.80866 3986646
10.8266 0.088744 4.82623 1787714
10.8603 0.0890197 4.85601 4323035
10.9181 0.0894937 4.86198 4192456
10.934 0.089624 4.88563 3907996
10.9884 0.0900701 4.91554 7572300
11.014 0.0902796 4.93244 1580842
11.7704 0.0964797 4.96553 3907880
12.0108 0.0984507 4.96619 7771098
12.6225 0.103465 5.1091 3770290
12.6296 0.103523 5.13201 3890185
14.9813 0.122799 5.1322 1971059
14.999 0.122944 5.1331 7544913
15.2083 0.12466 5.14293 5225803
17.4512 0.143045 5.17428 3885736
17.5553 0.143898 5.18523 3770086
17.5794 0.144095 5.20081 3844366
17.6604 0.144759 5.22419 3861037
17.6741 0.144871 5.23939 7801708
18.0755 0.148162 5.26311 7516542
18.1081 0.148429 5.28244 3842908
18.1385 0.148678 5.28259 4187796
18.1624 0.148874 5.28843 2001567
18.5678 0.152197 5.29841 7454084
20.6603 0.169349 5.3123 119521
21.6091 0.177126 5.33982 3740560
21.6324 0.177317 5.36123 3849579
21.6608 0.17755 5.36517 1276611
22.0766 0.180958 5.37356 187198
22.1263 0.181366 5.41524 4708573
22.1722 0.181742 5.43699 1370038
22.4744 0.184219 5.43998 3769989
24.0468 0.197108 5.47156 3770297
24.1995 0.19836 5.48475 4820325
24.4792 0.200652 5.50305 2001445
24.6074 0.201702 5.50389 3770109
24.8345 0.203564 5.50769 3770281
26.9689 0.22106 5.52875 4119615
27.0307 0.221566 5.56308 6748188
27.0542 0.221759 5.64818 7425878
27.0714 0.2219 5.65712 7532430
27.0834 0.221998 5.66023 1999942
27.1206 0.222303 5.6609 1815484
27.1288 0.22237 5.66784 3897500
32.2037 0.263969 5.6784 1489586
32.8483 0.269252 5.72227 1906816
33.825 0.277258 5.74019 1845252
34.7224 0.284613 5.76232 4190110
34.7814 0.285097 5.76794 7037130
34.8592 0.285735 5.80897 224938
35.3893 0.29008 5.81688 6303565
35.9947 0.295042 5.82813 3770237
36.0155 0.295213 5.8296 2010537
36.1037 0.295936 5.84758 3885594
36.1773 0.296539 5.8653 1789279
36.2795 0.297377 5.87048 3885611
36.2942 0.297498 5.8984 3890408
36.4146 0.298484 5.91053 3740916
36.4382 0.298678 6.01532 6741421
38.4996 0.315575 6.01976 3907977
38.5277 0.315805 6.03746 2059684
39.5441 0.324137 6.04134 2058078
39.8313 0.32649 6.11691 3908885
39.8421 0.326579 6.11849 7179580
41.4398 0.339675 6.14096 3769928
41.4679 0.339906 6.15566 6272998
41.5853 0.340868 6.20971 7318278
41.6525 0.341419 6.22232 64304
41.7559 0.342266 6.25528 3841015
41.9962 0.344236 6.29035 7510561
42.0113 0.344359 6.31037 3277464
42.6822 0.349859 6.35457 7117306
42.8042 0.350859 6.35884 3908223
42.8543 0.35127 6.39302 7385948
42.8715 0.351411 6.4151 3986467
43.661 0.357882 6.42492 3908336
43.7056 0.358248 6.42862 1906075
43.7846 0.358895 6.43436 2508599
44.0052 0.360703 6.44367 224615
44.1074 0.361541 6.45536 5694972
44.251 0.362718 6.46431 2001436
44.3065 0.363173 6.47467 7770793
44.3476 0.36351 6.51319 3885098
44.3622 0.36363 6.53956 3055875
44.3865 0.363829 6.54358 3990806
44.3992 0.363933 6.61409 2348343
44.4534 0.364377 6.62293 3740236
44.8442 0.36758 6.63753 8018025
44.8888 0.367946 6.73431 3843780
44.9008 0.368044 6.74408 1722690
45.2176 0.370641 6.74836 5656262
45.2494 0.370901 6.75932 5985849
45.4372 0.372441 6.80708 4120187
45.4877 0.372855 6.81488 1906692
45.5375 0.373263 6.83164 6273149
45.5687 0.373519 6.9251 7531650
48.4097 0.396807 7.00953 3908604
48.454 0.397169 7.02635 3908602
48.4616 0.397232 7.02817 4575100
48.4971 0.397522 7.066 4120133
49.0968 0.402438 7.07305 3908886
49.5692 0.40631 7.11421 1489446
49.7465 0.407764 7.20659 4126023
49.7801 0.408039 7.20948 3885023
49.807 0.40826 7.25545 3052062
50.9135 0.417329 7.29047 6349190
51.2934 0.420443 7.35231 3848579
51.5028 0.42216 7.35299 4613129
51.5621 0.422646 7.38522 3986197
51.6185 0.423108 7.39353 3739129
51.7047 0.423815 7.42677 243143
51.718 0.423924 7.49471 4121425
51.8243 0.424795 7.53472 722530
51.8415 0.424937 7.5562 1118931
51.9041 0.425449 7.5739 7602085
52.02 0.426399 7.63728 3740515
52.2775 0.42851 7.68287 7116870
53.7387 0.440487 7.71067 1489573
53.8993 0.441804 7.7446 2109630
53.9575 0.44228 7.78945 1967731
54.016 0.44276 7.85667 3845793
54.0285 0.442862 7.95152 3849434
54.1213 0.443623 8.01511 1916008
54.4507 0.446323 8.03943 6407459
54.7465 0.448748 8.07432 1849242
54.8069 0.449243 8.08032 1723945
55.5943 0.455698 8.11727 3771053
55.6817 0.456414 8.14368 7534057
55.7426 0.456913 8.18079 324376
55.7805 0.457223 8.19121 3740915
55.8512 0.457803 8.21384 3906749
55.8823 0.458058 8.27358 3690051
56.0224 0.459207 8.29152 1023166
56.0542 0.459467 8.31961 4787898
56.0945 0.459797 8.32624 7453753
56.8659 0.46612 8.38006 2258306
56.8745 0.466191 8.5021 1908538
56.9096 0.466479 8.61434 1914897
56.9176 0.466544 8.63715 224553
56.9519 0.466826 8.72007 7284304
57.0313 0.467476 8.73832 3052978
57.0771 0.467852 8.77616 6513834
57.1455 0.468412 8.79126 3740202
57.1788 0.468685 8.79954 1578023
57.1937 0.468807 8.96307 3772602
57.4497 0.470906 8.96585 6139137
57.5388 0.471636 8.99621 3907672
57.5515 0.47174 9.08323 3231668
57.579 0.471965 9.14194 64293
57.6024 0.472157 9.22835 3740798
57.6097 0.472217 9.26325 3851203
57.6359 0.472432 9.42565 3740716
58.1908 0.476981 9.4406 3908793
58.2768 0.477686 9.49214 1136465
58.2952 0.477836 9.53936 1786326
58.3436 0.478233 9.54724 3739205
58.3708 0.478455 9.56189 7517412
58.5723 0.480108 9.58375 1490740
58.5932 0.480278 9.61553 3740590
58.9241 0.482991 9.62114 3908338
58.9327 0.483062 9.65652 3740504
59.0364 0.483911 9.70242 1490106
59.0451 0.483983 9.95365 4184201
59.0746 0.484225 9.98232 197007
59.1852 0.485131 10.0805 3771048
59.1991 0.485245 10.2654 3740615
59.3145 0.486191 10.3697 1537852
59.3602 0.486566 10.4569 6408452
59.4248 0.487096 10.5214 1971021
59.4507 0.487308 10.5663 4733879
59.4684 0.487452 10.7183 3740345
59.4785 0.487536 10.7923 1915942
59.5089 0.487785 10.8447 3740344
59.532 0.487974 10.9118 1999971
59.5833 0.488394 10.9465 4574203
59.6004 0.488534 11.0208 4576642
59.62 0.488696 11.0756 3740761
59.6303 0.48878 11.1609 1789409
59.6382 0.488845 11.385 1665291
59.6536 0.488971 11.4049 2040145
59.6676 0.489085 11.4291 1907592
59.7598 0.489842 11.4614 4070526
59.8151 0.490295 11.6156 3908476
59.8557 0.490627 11.657 3906471
59.8734 0.490772 11.7118 3386551
59.9248 0.491194 11.7452 3512198
59.9354 0.491281 11.7754 3740295
59.943 0.491343 11.9051 2058249
59.9609 0.49149 11.9477 3885379
59.9681 0.491549 12.0051 6742012
59.9821 0.491664 12.0506 3740871
59.9965 0.491781 12.1527 3736054
60.0341 0.492089 12.4351 3055950
60.0438 0.492169 12.6019 1915646
60.0562 0.492271 12.839 1908070
60.109 0.492704 12.886 4187445
60.1361 0.492926 12.9857 3740588
60.1523 0.493059 13.2639 6140986
60.1685 0.493192 13.4058 3859331
60.2088 0.493522 13.4479 441812
60.2227 0.493636 14.2264 7524148
60.2396 0.493774 14.6709 3739825
60.2629 0.493965 15.314 3740610
60.2841 0.494139 15.4059 4068350
60.2934 0.494215 15.4062 7517598
60.3236 0.494462 15.4432 7810871
60.3532 0.494705 15.4995 1916755
60.4512 0.495508 15.5002 1370037
60.4705 0.495666 15.7621 3987447
60.4865 0.495798 15.9051 2900841
60.5234 0.496101 16.4228 3908112
60.5739 0.496514 16.8752 7119455
60.5826 0.496585 17.4923 3896043
60.5974 0.496707 17.7492 3232287
60.604 0.496761 18.6633 6246756
60.6274 0.496953 18.9098 2058356
60.6793 0.497379 18.9233 4574986
60.7575 0.498019 19.4656 3907870
60.7643 0.498075 19.9329 3229921
60.7736 0.498151 20.1166 3770287
60.8165 0.498503 20.3084 4224241
60.8387 0.498685 20.5006 1999743
60.8496 0.498774 21.0708 7771219
60.8615 0.498872 21.1723 6312171
60.9054 0.499231 21.3755 4123851
60.9245 0.499388 21.603 4827683
60.9366 0.499487 22.8941 3739814
60.9449 0.499555 23.3794 3739877
60.9613 0.49969 24.0922 7459964
60.984 0.499876 24.919 4177230
60.9958 0.499972 27.0015 7483831
61.0057 0.500054 27.141 3231553
61.0178 0.500153 27.3784 145276
61.0353 0.500296 27.6803 101715
61.0563 0.500469 27.7608 4754062
61.0727 0.500602 28.2574 7150627
61.0794 0.500658 29.5718 4179566
61.0943 0.50078 31.6792 4347997
61.118 0.500974 31.8151 4669270
61.1535 0.501265 33.689 4174766
61.1616 0.501332 33.9469 5431604
61.1749 0.501441 35.0091 5453601
61.1825 0.501503 35.0676 4277914
61.2219 0.501826 35.4219 5680285
61.2694 0.502215 35.9467 6849967
61.2768 0.502275 36.4727 3956768
61.2899 0.502383 37.9238 954410
61.3168 0.502604 38.6225 5011633
61.3327 0.502734 38.8121 3377587
61.3663 0.503009 38.9428 5944033
61.3999 0.503285 39.8881 4178216
61.4157 0.503414 40.4019 3231558
61.422 0.503466 40.4748 4175769
61.432 0.503548 40.6083 1939100
61.438 0.503597 40.8739 5571553
61.4533 0.503723 41.1365 6850150
61.4688 0.50385 41.4704 55359
61.4794 0.503936 43.2543 140559
61.5332 0.504377 43.8382 4174215
61.592 0.50486 43.9237 7632120
61.6004 0.504928 44.1127 5434462
61.6109 0.505015 44.2447 4776666
61.6295 0.505167 44.3333 5680321
61.6893 0.505657 44.522 3232847
61.7062 0.505796 44.7748 4523609
61.9366 0.507684 45.1968 4182371
62.2185 0.509994 45.2511 3231460
62.2463 0.510223 46.0122 5953996
62.2617 0.510348 46.0289 6273148
62.429 0.51172 46.4681 5006377
62.6058 0.513169 47.8776 3899450
62.6248 0.513325 48.1934 4181977
62.6651 0.513656 48.5229 6849956
62.7055 0.513987 49.0899 5679803
62.7207 0.514111 49.4284 5679912
62.7364 0.51424 49.473 44677
64.0597 0.525086 49.5643 1532774
64.0773 0.525231 49.5857 3898433
64.0839 0.525285 49.634 3060941
64.1118 0.525514 49.7862 6495933
64.124 0.525614 49.8154 4175688
64.1379 0.525728 49.901 4771209
64.1417 0.525759 50.1537 3192809
64.1658 0.525956 50.2516 5943825
65.5886 0.537619 51.086 5433212
65.6082 0.53778 51.2215 7631892
65.6423 0.538059 51.5133 3231352
70.7197 0.579678 51.5784 3898379
71.008 0.582041 51.875 4861597
71.131 0.583049 51.9641 6850391
71.1561 0.583255 52.0683 5680506
71.2433 0.583969 52.1169 5574411
71.2663 0.584158 52.9481 4175699
71.3028 0.584457 53.1322 3901266
72.3274 0.592856 53.2706 5680234
72.35 0.593041 53.2912 7550729
75.8002 0.621322 53.6806 7642221
75.8591 0.621805 53.7506 5431724
75.9002 0.622141 53.7621 5572467
75.9137 0.622252 54.1539 3897733
76.5273 0.627282 54.3969 4855689
77.0444 0.63152 54.7312 4174812
77.057 0.631624 54.8505 4276230
77.0691 0.631723 54.8783 4275529
80.6143 0.660782 55.0561 3897603
80.6411 0.661002 55.0976 4175687
80.8866 0.663014 55.3273 4183365
80.8988 0.663114 55.4839 3896640
81.0451 0.664313 55.5617 6352497
81.1732 0.665364 55.5778 5680293
81.1948 0.66554 55.6834 6850133
81.2129 0.665689 56.1316 6765012
81.258 0.666058 56.233 3901501
81.3057 0.66645 56.2509 5347116
81.3204 0.66657 56.8751 5349236
81.3767 0.667032 56.8944 7461971
81.5347 0.668327 56.9151 7632125
81.6182 0.669011 57.0202 5431925
81.6467 0.669245 57.0356 3957048
81.67 0.669435 57.112 4355721
81.6919 0.669615 57.4054 4771465
81.7188 0.669836 57.5683 5193417
81.7928 0.670442 57.5949 16991
81.8001 0.670502 58.1669 6273992
85.5805 0.701489 58.2135 3229793
86.715 0.710789 58.6464 4179434
87.3694 0.716153 58.7277 3955600
87.3872 0.716298 59.0048 5680505
90.2072 0.739413 59.14 4572376
90.2543 0.739799 59.1664 4275950
90.272 0.739945 59.237 7151496
90.3835 0.740859 59.3563 5765269
90.6869 0.743345 59.5796 6959402
90.7624 0.743964 59.5897 6994587
90.7733 0.744054 59.7521 6849755
90.9807 0.745754 59.7579 4175281
91.057 0.74638 59.9291 3939867
91.1987 0.74754 60.012 3896668
94.563 0.775117 60.231 5574486
94.5844 0.775293 60.3275 4858024
94.6122 0.775521 60.3954 6939639
94.6655 0.775957 60.8608 6237667
95.3827 0.781836 60.9057 730981
95.4083 0.782046 61.2225 4772228
95.4707 0.782558 61.2812 3897198
95.5272 0.78302 61.4018 7645429
95.541 0.783134 61.5438 5943524
95.6405 0.783949 61.7995 6849951
95.6567 0.784082 61.8147 4016207
95.8363 0.785555 61.8554 6996395
95.9638 0.7866 61.9509 4175173
95.9936 0.786844 61.952 4184021
96.0971 0.787692 61.9693 4181649
96.5945 0.791769 62.0425 3900481
96.6851 0.792512 62.1163 5432643
96.7061 0.792684 62.254 7820300
96.7209 0.792805 62.4086 4771801
97.1407 0.796247 62.63 7632286
98.0688 0.803854 62.6652 4672439
98.1291 0.804348 62.6853 3897130
98.2041 0.804963 62.8232 4184116
98.2504 0.805342 63.4155 98424
98.2781 0.805569 63.4818 6765344
98.9492 0.811071 63.5228 5574732
98.9817 0.811337 63.704 5432267
99.0536 0.811926 64.1515 5353992
99.0942 0.812258 64.4843 5691933
99.1007 0.812312 64.5779 3230932
99.1504 0.812719 64.7961 4175319
99.3741 0.814553 65.0542 4175479
101.53 0.832225 65.5379 4771304
101.549 0.832384 66.0752 3231719
101.576 0.832599 66.2971 3804160
101.589 0.832711 66.4844 4277824
101.758 0.834095 66.6654 7546008
101.908 0.835327 66.8731 3896739
101.919 0.835409 67.0022 4771429
102.797 0.842606 67.1169 2117767
102.82 0.842799 67.2034 1406568
102.884 0.84332 67.2922 6761450
102.904 0.843485 67.4222 4354294
102.917 0.843597 67.4394 5431926
102.941 0.843788 67.4998 5605172
102.958 0.84393 67.7355 3897830
105.412 0.864047 67.8072 4104133
105.423 0.864132 67.8906 5764413
105.429 0.864185 67.9795 3895621
105.46 0.864442 68.0148 5432742
105.595 0.865542 68.0832 4864300
105.645 0.865955 68.2346 3957254
105.72 0.866567 68.2349 6850813
105.75 0.866818 68.3521 5680002
105.794 0.867175 68.4084 7202286
105.806 0.867277 68.5503 3901927
105.953 0.86848 68.5991 3896279
105.977 0.868679 69.2821 31160
105.992 0.8688 69.4013 4854631
106.139 0.870007 69.6259 4276684
106.194 0.870455 70.1507 6850390
106.289 0.871236 70.5936 7632017
106.305 0.871369 70.9122 5433634
106.494 0.87291 71.0274 5432698
106.509 0.873038 71.0759 4769199
106.625 0.873989 71.0887 622069
106.843 0.875775 71.5905 620058
106.855 0.875875 72.0238 4665716
106.892 0.876174 72.6189 3897412
106.957 0.876712 72.696 7646202
106.997 0.877037 72.8391 4104639
107.011 0.877153 72.8994 665112
107.565 0.881697 73.0235 3897801
107.581 0.881824 73.1063 3897700
107.672 0.882568 73.8281 4178895
107.813 0.883724 74.2987 6479348
107.847 0.884001 74.3774 5574558
108.52 0.889518 74.4615 6849743
108.546 0.889734 74.5632 3898627
108.746 0.891373 74.7447 4774896
108.762 0.891503 74.9249 3896583
109.273 0.89569 75.0389 4771846
109.351 0.896331 75.2608 7330665
109.386 0.89662 75.3089 4276948
109.44 0.897064 75.3105 6767428
109.474 0.897344 75.373 4670548
109.5 0.897555 75.3914 7887338
109.594 0.898325 75.8124 5345878
109.665 0.898907 75.8838 3232044
109.692 0.899128 76.3872 3896496
109.786 0.899895 76.6268 6849438
109.801 0.900021 76.7822 880374
109.814 0.900124 76.844 4175276
109.908 0.900899 77.0076 4018808
109.954 0.901276 77.1788 3235711
109.967 0.901378 77.473 3957019
110.005 0.901696 77.5143 5682109
110.042 0.901997 77.5834 5680101
110.213 0.903394 77.9321 3897993
110.248 0.903682 78.3124 3231287
110.333 0.904384 78.4906 5574409
110.432 0.905196 79.4006 3945292
110.553 0.906189 79.4307 5432841
110.781 0.908055 79.6342 5433854
111.195 0.911446 79.7011 3898118
111.683 0.915447 79.7142 6767441
111.697 0.915564 79.8223 5574627
111.716 0.915718 79.8271 1498877
111.731 0.91584 80.002 4103232
112.328 0.920732 80.0221 5432069
112.341 0.920843 80.5512 3899012
112.399 0.92132 80.723 7654296
112.544 0.922508 80.7449 5433851
112.578 0.92278 80.8507 1290252
112.65 0.92337 80.8599 4182726
113.058 0.926717 80.9373 5433239
113.283 0.928565 81.1082 5565405
113.368 0.929258 81.1367 4858290
113.464 0.930047 81.2644 7030731
113.539 0.930662 81.3139 4104166
113.548 0.930731 81.6387 6850074
113.569 0.930906 81.8876 2497073
113.586 0.931048 81.9677 4774847
113.596 0.93113 81.997 4355529
113.893 0.93356 82.0183 4856059
114.031 0.934694 82.4034 3658584
114.057 0.93491 82.5689 2382004
114.073 0.935039 82.819 664403
114.133 0.935526 82.8562 7631185
114.161 0.935756 82.9132 3896349
114.211 0.936172 83.0644 4862410
114.237 0.936384 83.3566 7645678
114.271 0.936658 83.6183 4278132
114.312 0.936999 83.8851 6842996
114.448 0.938113 84.332 5574318
114.459 0.938202 84.3482 5433447
114.493 0.938481 84.5365 4175278
114.529 0.938775 84.71 4175522
114.744 0.940537 84.9784 5680005
115.45 0.946322 85.0675 812361
115.481 0.946576 85.1076 4180863
115.506 0.946785 85.8144 3231444
115.634 0.947834 85.8325 4177263
115.668 0.948114 85.922 5679849
115.707 0.948429 85.9365 6849428
115.941 0.950349 86.314 3959218
115.96 0.950505 86.3764 3957376
115.974 0.95062 86.5412 4858012
115.984 0.950706 86.5769 4175698
116.119 0.951811 86.7833 5574480
116.404 0.954147 86.8077 2117786
116.444 0.954469 87.2063 1850540
117.05 0.95944 87.2605 5910133
117.059 0.959511 87.5605 4174518
117.095 0.959808 87.5639 5567465
117.108 0.959914 88.0241 5943783
117.15 0.960258 88.2059 7723693
117.183 0.960529 88.2668 5691415
117.429 0.962547 88.4338 7258310
117.63 0.964196 88.5355 4771936
117.659 0.964433 88.9286 4772767
117.675 0.964561 88.9317 4183948
117.685 0.964643 89.4089 6559114
118.168 0.968604 89.6063 4104620
118.227 0.969083 89.9587 4776851
118.61 0.972228 90.0009 4771778
118.727 0.973188 90.8307 3229962
118.743 0.973315 90.8751 3897366
118.75 0.973373 90.8927 5432188
118.866 0.974321 91.245 4172832
119.007 0.975485 91.2698 5680127
119.025 0.975627 91.3748 5432866
119.033 0.97569 91.6358 5544949
119.231 0.977317 91.6793 5574387
119.253 0.977499 91.9369 4779764
119.29 0.977801 92.006 5489673
119.305 0.977924 92.1304 3957021
119.323 0.978069 92.2589 5680322
119.356 0.97834 92.3056 5679913
119.417 0.978839 92.4069 4672723
119.433 0.978969 92.4086 4671703
119.587 0.980237 92.4497 4175701
119.609 0.980416 93.1703 5573497
120.009 0.983692 93.5342 3544219
120.082 0.984291 93.7315 3306534
120.109 0.984517 94.0944 5682858
120.127 0.98466 94.1896 6457475
120.211 0.985347 94.5411 5163788
120.22 0.985421 94.5415 5012278
120.288 0.985981 94.7013 3897650
120.303 0.9861 94.7214 5572845
120.323 0.986267 95.145 4183363
120.356 0.98654 95.8151 5433448
120.47 0.987469 96.062 1454791
120.548 0.988109 96.0981 3957306
120.606 0.98859 96.2587 4391372
120.685 0.989237 96.884 4104874
120.725 0.989562 97.1301 663933
120.74 0.989684 97.7974 5431563
120.75 0.989764 98.0483 3232229
120.755 0.989809 98.2921 972097
120.766 0.989895 98.3921 5765452
120.791 0.9901 98.8763 5431826
120.812 0.990276 99.9768 3897134
120.843 0.990528 100.125 6850109
120.856 0.990639 101.255 6849657
120.868 0.990734 102.028 4355400
120.902 0.991017 102.132 4177168
120.911 0.991087 102.744 4183919
120.919 0.99115 103.727 3899099
120.969 0.99156 104.097 3902840
120.981 0.99166 104.605 4770871
120.987 0.991708 106.265 3414686
121.001 0.991825 106.65 5574414
121.011 0.991905 107.163 3898412
121.018 0.991964 107.535 3898145
121.04 0.992143 107.674 5574430
121.051 0.992233 108.186 5219513
121.075 0.992433 109.37 4103834
121.131 0.992887 109.558 5007663
121.147 0.993024 109.76 3231800
121.275 0.994072 110.648 1762207
121.307 0.994336 111.152 3897129
121.405 0.995136 111.563 3895884
121.439 0.995415 113.358 6764521
121.455 0.995545 113.604 1531434
121.458 0.995573 116.745 5680320
121.503 0.995937 117.246 5573928
121.558 0.996389 117.642 3872970
121.574 0.996519 118.154 3734185
121.602 0.996751 119.19 6763953
121.694 0.997507 120.746 621345
121.708 0.997621 122.209 3898176
121.716 0.997682 123.921 5680292
121.724 0.997755 124.587 4752296
121.733 0.997823 130.025 5354190
121.746 0.997928 131.173 6850132
121.769 0.998117 131.367 5680294
121.806 0.998427 131.872 1602676
121.844 0.998732 132.838 5432134
121.852 0.998801 134.293 5680580
121.866 0.998916 139.403 4183194
121.875 0.99899 145.507 6898662
121.886 0.999083 151.593 1453933
121.891 0.999124 160.799 4183299
121.905 0.999236 164.276 4858236
121.915 0.999316 165.405 6849974
121.923 0.999383 165.713 3232055
121.944 0.999558 167.726 4182803
121.957 0.999659 174.071 4477578
121.972 0.999781 182.135 2117768
121.977 0.999829 194.225 3232155
121.98 0.999849 198.202 5680327
121.986 0.999896 199.458 5349185
121.998 1 221.563 4277608
