Unknown 4 358 358 358 358 float/unsigned
CumulativeMeasure | CDF | Dose | TetraID
0.00140356 4.40399e-05 0 3452626
0.00200991 6.30659e-05 0 3453846
0.00213433 6.69697e-05 0 3820222
0.00251417 7.8888e-05 0 3453624
0.00329041 0.000103245 0 2672470
0.00384263 0.000120572 0 2757053
0.00458385 0.000143829 0 1632745
0.00502198 0.000157576 0 2757061
0.00601727 0.000188806 0 3452901
0.00734525 0.000230475 0 3821079
0.00829579 0.0002603 0 3452900
0.00882134 0.00027679 0 2757597
0.00904872 0.000283925 0 2757642
0.00989668 0.000310532 0 3452580
0.0103771 0.000325605 0 3821456
0.0110267 0.000345988 0 495985
0.0122076 0.000383043 0 2759726
0.0125687 0.000394372 0 2761021
0.0129106 0.000405102 0 33882
0.0134913 0.000423321 0 2873184
0.0144985 0.000454925 0 3017048
0.0148537 0.000466069 0 3822599
0.0150735 0.000472968 0 2759291
0.0156216 0.000490165 0 2758566
0.0158236 0.000496504 0 3822600
0.0165972 0.000520778 0.216295 3453092
0.0185497 0.000582041 3.67589 2758408
0.0196402 0.000616259 3.91616 3179007
0.0207039 0.000649635 4.63529 3821334
0.0248501 0.000779731 5.18554 3453653
0.0259064 0.000812874 5.63474 1563355
0.0266251 0.000835426 8.43058 3679218
0.0281754 0.000884071 9.73473 2759212
0.0291296 0.000914011 10.976 3821071
0.0303309 0.000951704 15.4383 2862894
0.0323355 0.0010146 15.6344 2760176
0.032798 0.00102912 19.3715 3017795
0.0339161 0.0010642 21.6027 25993
0.0354138 0.00111119 21.9516 2757393
0.0364771 0.00114456 29.6737 2172188
0.0385084 0.00120829 33.8761 2670777
0.0392755 0.00123236 36.4425 2760256
0.0431032 0.00135247 39.9036 3453731
4.05395 0.127202 41.6395 4075543
4.05693 0.127296 43.3021 3452706
4.05914 0.127365 48.7113 6423114
4.0667 0.127602 50.7538 3289503
4.06935 0.127685 50.8724 3450932
4.07427 0.12784 56.3795 567202
4.07757 0.127944 57.132 159762
4.07909 0.127991 57.4124 2758947
4.08012 0.128023 59.3408 2671805
4.08671 0.12823 60.0803 5081590
4.09157 0.128383 70.0476 3453217
4.0929 0.128424 74.7969 3452736
4.09526 0.128498 74.8409 3453135
4.10095 0.128677 77.8129 3453203
4.1048 0.128798 82.1568 3453403
4.10894 0.128928 85.6202 2757471
4.11125 0.129 86.6989 2757686
4.11373 0.129078 92.3256 4594878
4.11434 0.129097 93.7302 3453907
4.12279 0.129362 93.8618 3453267
4.13128 0.129629 96.1231 3452629
4.13259 0.12967 97.4452 3453303
4.13404 0.129715 103.293 1498
4.13866 0.12986 103.298 3453655
4.14185 0.12996 103.419 3453479
4.14542 0.130072 103.547 2759287
4.14841 0.130166 105.547 3452979
4.1494 0.130197 106.701 3017601
4.15172 0.13027 106.966 2915189
4.15762 0.130455 108.61 173012
4.16332 0.130634 108.708 3452754
4.16442 0.130669 108.781 3820955
4.16531 0.130697 109.204 2758384
4.16797 0.13078 109.378 3017610
4.17297 0.130937 110.866 2760241
4.18281 0.131246 111.864 2759083
4.18564 0.131334 114.891 3454126
4.18755 0.131395 115.653 3024286
4.18894 0.131438 118.55 3452884
4.20599 0.131973 118.66 2758672
4.20778 0.132029 120.587 3453664
4.21469 0.132246 121.2 1949560
4.22528 0.132578 121.352 2757623
4.23411 0.132855 124.904 573271
4.2364 0.132927 126.651 2202234
4.24033 0.13305 126.907 2758929
4.24413 0.13317 129.81 3453789
4.24894 0.133321 130.37 2261788
4.25466 0.1335 134.21 2757744
4.26145 0.133713 135.129 3453139
4.26563 0.133844 135.587 2860340
4.26828 0.133928 135.857 3453495
4.27273 0.134067 136.461 3821393
4.28853 0.134563 138.002 6201461
8.2268 0.258135 138.42 6072380
8.23374 0.258353 139.664 2261801
8.23974 0.258541 140.401 2669759
8.24236 0.258624 144.073 3450644
8.24768 0.258791 146.668 545350
8.24857 0.258818 146.964 328130
8.25726 0.259091 147.214 3452956
8.25836 0.259126 147.407 1404501
8.26328 0.25928 150.793 44928
8.26543 0.259347 150.809 3287317
8.26981 0.259485 151.089 3453404
8.27371 0.259607 151.987 2670521
8.27526 0.259656 155.39 2820800
8.28158 0.259854 156.085 3453210
8.28936 0.260098 156.092 2671222
8.30383 0.260552 156.641 2673432
8.31978 0.261053 156.662 3452278
8.3501 0.262004 157.779 60165
8.36883 0.262592 160.034 3452036
8.38081 0.262968 160.744 3451100
8.38331 0.263046 162.214 3821083
8.38614 0.263135 162.427 3821047
8.38745 0.263176 163.37 2758966
8.39056 0.263274 164.318 2759818
8.40328 0.263673 165.861 3452376
8.42116 0.264234 166.121 2670468
8.42226 0.264268 170.367 3017793
8.42513 0.264359 170.523 3451815
8.42733 0.264428 173.786 3450547
8.4448 0.264976 173.983 328202
8.44837 0.265088 174.964 3452739
8.45604 0.265328 177.702 6733066
8.46027 0.265461 182.137 3453725
8.46233 0.265526 182.176 2859931
8.49408 0.266522 182.435 3820572
8.51508 0.267181 183.841 3452895
8.53055 0.267666 184.823 495964
8.53655 0.267854 185.25 3821100
8.53758 0.267887 185.653 3453493
8.59516 0.269693 185.799 3453894
8.60286 0.269935 185.818 2672854
8.60584 0.270029 186.151 3453026
8.61816 0.270415 186.77 2757417
8.61895 0.27044 187.299 3821110
8.62722 0.2707 187.594 6200222
8.64635 0.2713 189.017 3454084
8.77466 0.275326 189.882 3451860
8.77643 0.275381 190.025 2863295
8.80893 0.276401 191.083 3020322
8.85137 0.277733 191.673 3451384
8.87777 0.278561 192.07 3453289
8.9098 0.279566 193.835 3452037
8.95752 0.281064 195.735 6911121
8.96673 0.281353 197.494 3453826
9.00178 0.282452 200.577 3288186
9.00575 0.282577 200.603 2760465
9.0113 0.282751 201.422 174300
9.01629 0.282908 202.555 2757496
9.02732 0.283254 203.626 3453668
9.06699 0.284498 204.123 6200460
9.11063 0.285868 206.027 2670929
9.17438 0.287868 207.777 3821544
9.21662 0.289193 208.242 6200994
9.28335 0.291287 208.459 2860645
9.29513 0.291657 208.927 2870088
9.3251 0.292597 209.401 2758580
9.32641 0.292638 209.415 3452917
9.3277 0.292679 211.168 3451753
13.3385 0.418529 213.613 7480083
13.3634 0.41931 213.907 6201540
13.3679 0.419449 214.499 3017538
13.3862 0.420024 215.314 3821097
13.3937 0.420258 216.305 3453284
13.3995 0.420441 216.527 3453759
13.4236 0.421199 216.887 2756491
17.4339 0.54703 216.986 809737
17.4556 0.54771 218.488 3453022
17.4567 0.547746 218.638 384277
17.4634 0.547957 218.775 3821093
17.4658 0.54803 219.968 3451495
17.4745 0.548303 221.004 3289979
17.4788 0.548438 223.617 3821054
17.5537 0.550789 223.695 5080855
17.5545 0.550813 224.088 3452094
17.5632 0.551088 227.816 2759286
17.6028 0.55233 228.024 2759142
17.6322 0.553253 229.052 2758581
17.6798 0.554746 231.36 3451962
17.6912 0.555103 232.202 3452897
17.693 0.555159 232.576 3452665
17.7347 0.556469 233.448 3452812
17.7446 0.556778 237.962 568410
17.7457 0.556813 238.894 3453444
17.7674 0.557494 238.964 2756922
17.7805 0.557907 239.216 2259897
17.799 0.558486 239.86 2758582
17.8364 0.559659 240.054 3452663
17.8763 0.560912 241.755 2575227
17.8869 0.561243 242.236 3452124
17.9016 0.561706 242.847 2669294
17.915 0.562126 242.895 2669748
17.9369 0.562813 242.905 6736185
17.9547 0.56337 243.969 2391320
18.0229 0.565511 244.121 3821266
18.064 0.5668 247.396 3015451
18.077 0.567208 248.202 2673740
18.2423 0.572394 248.611 3453137
18.2444 0.572461 249.67 3015450
18.3022 0.574275 250.825 2860569
18.3237 0.574951 251.169 3821030
18.3302 0.575155 251.206 6992342
18.3377 0.575388 251.389 3452690
18.3436 0.575574 251.675 2759676
18.4116 0.577707 253.604 2757587
18.427 0.578191 254.049 6736184
18.429 0.578254 254.361 3453492
18.4405 0.578615 255.071 3453292
18.4648 0.579378 255.265 3451207
18.4659 0.579412 255.785 3016287
18.4888 0.580131 255.88 3820387
18.5229 0.581202 256.614 3452910
18.5611 0.582397 257.912 2202236
18.5677 0.582607 258.01 3453632
18.5886 0.583261 261.682 2669739
18.5935 0.583414 262.304 2758811
18.6965 0.586647 263.879 3453885
18.6978 0.586688 265.008 3453909
18.7094 0.587052 265.85 3453130
18.7969 0.589799 266.634 2262810
18.8654 0.591946 266.641 3453494
18.8714 0.592136 268.251 567986
18.8852 0.592568 268.713 2670374
18.8939 0.59284 270.621 2869964
18.9128 0.593434 271.402 3453592
18.9362 0.594169 271.781 5081263
18.9659 0.595101 273.664 3821052
18.9812 0.595582 275.232 3453166
18.9881 0.595798 275.481 3450180
18.9916 0.595907 275.875 2670230
18.9956 0.596033 278.331 6201454
19.0116 0.596535 278.457 3821088
19.0141 0.596612 278.631 3822116
19.0254 0.596969 281.533 2758990
19.0618 0.598111 281.585 2758261
19.0899 0.59899 282.192 2861128
19.1192 0.59991 283.285 3821031
19.2108 0.602784 283.799 3453136
19.2486 0.60397 284.003 2760427
19.255 0.604171 285.233 2758365
19.2923 0.605341 293.809 3453290
19.2979 0.605517 294.018 4021755
19.2996 0.605571 294.04 3454041
19.3044 0.605723 294.425 2256585
19.3171 0.606121 294.8 2375968
19.3262 0.606407 295.641 2673384
19.3299 0.606522 295.774 2759598
19.355 0.60731 296.817 6200472
19.3564 0.607353 298.473 3453036
19.3578 0.607399 299.553 3451568
19.364 0.60759 300.564 3452355
19.3721 0.607846 301.675 6735272
19.3805 0.60811 301.722 3453621
19.384 0.60822 302.384 3454203
19.3911 0.608443 305.809 3821096
19.4034 0.608826 306.356 2671233
19.4056 0.608896 306.447 3453294
19.4103 0.609044 307.061 3452914
19.4123 0.609108 307.085 3453631
19.4138 0.609153 310.637 2864001
19.4189 0.609315 311.146 174346
19.4347 0.609809 311.396 3452304
19.4444 0.610115 311.968 2758737
19.4606 0.610623 312.732 544820
19.4702 0.610924 313.007 3821101
19.4769 0.611134 313.91 3821265
19.4781 0.611172 314.005 3452655
19.4986 0.611815 315.16 2760424
19.5029 0.611951 316.174 2760294
19.5041 0.611988 319.498 3453967
19.5088 0.612136 320.127 2260622
19.5098 0.612166 324.151 2760133
19.5268 0.612699 325.248 3023537
19.5317 0.612855 326.393 2757689
19.5364 0.613002 327.32 3453727
19.5658 0.613923 330.306 608054
19.5796 0.614356 330.31 2759653
19.5827 0.614454 332.136 3453504
19.5936 0.614795 335.282 3452504
19.5962 0.614876 335.42 3453467
19.5984 0.614945 336.136 2759756
19.5995 0.614982 336.352 2862537
19.6118 0.615368 337.01 3821032
19.6269 0.615839 341.676 2756991
19.6613 0.616921 342.631 3453186
19.6844 0.617644 345.301 3450616
19.6908 0.617847 356.361 3821383
19.695 0.617977 364.895 78975
19.6958 0.618003 366.341 3452700
19.7033 0.618239 369.688 3452871
19.7104 0.618461 370.187 2758522
19.7154 0.618616 374.948 3452482
19.7228 0.618849 384.124 2760367
19.7266 0.618969 384.305 3452648
19.732 0.619139 384.923 2760382
19.7351 0.619235 389.048 3453746
19.7363 0.619272 390.408 3453123
19.7377 0.619317 402.244 4723395
19.7409 0.619419 403.557 2664990
19.7431 0.619487 405.469 3453330
19.7437 0.619505 409.294 3020249
19.7475 0.619625 409.516 6909450
19.7568 0.619917 412.201 3453188
19.758 0.619954 416.221 3452708
19.7604 0.62003 418.73 3451749
19.7623 0.620089 420.84 2862334
19.7668 0.620229 422.668 2758588
19.7673 0.620246 456.45 3821460
19.7687 0.620291 462.229 2758133
19.7726 0.620412 466.342 3453791
19.7841 0.620774 470.708 2759805
19.7858 0.620826 471.336 3453625
19.7874 0.620876 482.599 2757364
19.7889 0.620924 484.012 2861292
19.79 0.620959 490.602 2924099
19.7918 0.621016 493.94 3015446
19.7953 0.621124 494.323 3453650
19.7986 0.621228 496.914 3452172
19.8038 0.62139 504.403 96616
19.8054 0.621442 507.471 3821094
19.8076 0.62151 509.452 3453661
19.8083 0.621532 525.485 3453827
19.8106 0.621605 525.815 3180264
19.815 0.621742 528.965 3453643
19.8159 0.621772 549.048 3821186
19.8177 0.621827 556.734 3454138
19.8182 0.621844 558.759 3454072
19.8191 0.621872 559.866 3453932
19.82 0.621899 593.631 3820705
19.8204 0.621913 613.518 3017174
19.822 0.621962 620.785 3454085
19.8239 0.622024 635.443 2757249
19.8244 0.622037 643.008 3017184
19.8253 0.622067 656.672 2505415
19.8271 0.622123 669.521 3453895
19.8274 0.622132 681.771 3453466
19.8294 0.622195 706.606 3821062
23.8404 0.748049 719.131 3055858
27.8514 0.873903 729.729 809643
27.852 0.873923 742.124 2673399
27.8527 0.873945 934.061 3453838
27.853 0.873955 945.613 3820805
27.8539 0.873982 1018.37 3453016
27.8545 0.874 1131.8 2757641
27.8548 0.874011 1133.16 160553
27.8557 0.874038 1215.34 6617723
27.8562 0.874056 1215.71 2197624
31.8672 0.999909 1223.38 1221929
31.8682 0.99994 1243.17 3452660
31.8684 0.999947 1358.16 3821635
31.8695 0.999982 1380.1 2757324
31.8701 1 1765.79 3454074
