Unknown 4 358 358 358 358 float/unsigned
CumulativeMeasure | CDF | Dose | TetraID
0.0113617 0.000356501 0 3452897
0.0240826 0.000755648 0 3452376
0.0249305 0.000782255 0 3452580
0.0263341 0.000826295 0 3452626
0.0275433 0.000864238 0 3452655
0.028513 0.000894663 0 3452660
0.0359415 0.00112775 0 3452690
0.0367727 0.00115383 0 3452700
0.0397456 0.00124711 0 3452706
0.0409294 0.00128426 0 3452708
0.0422579 0.00132594 0 3452736
0.0458334 0.00143813 0 3452739
0.0515353 0.00161704 0 3452754
0.0590512 0.00185287 0 3452871
0.0604416 0.0018965 0 3452884
0.0762052 0.00239112 0 3452304
0.0772005 0.00242235 0 3452901
0.0819178 0.00257037 0 3452914
0.083233 0.00261163 0 3452917
0.0862202 0.00270536 0 3452979
0.0870741 0.00273216 0 3453016
0.0900516 0.00282558 0 3453026
0.091417 0.00286843 0 3453036
0.0921906 0.0028927 0 3453092
0.0933781 0.00292996 0 3453123
0.0957348 0.00300391 0 3453135
0.102534 0.00321725 0 3453139
0.108862 0.0034158 0 3453210
0.111072 0.00348514 0 3453294
0.114922 0.00360595 0 3453403
0.115929 0.00363756 0 3017048
0.120258 0.00377339 0 2760294
0.12569 0.00394382 0 2760382
0.126051 0.00395515 0 2761021
0.127594 0.00400357 0 2820800
0.129646 0.00406794 0 2859931
0.131186 0.00411628 0 2861292
0.132371 0.00415347 0 2862537
0.133573 0.00419116 0 2862894
0.135337 0.00424651 0 2863295
0.135917 0.00426473 0 2873184
0.137031 0.00429966 0 2924099
0.138828 0.00435607 0 3015446
0.140958 0.00442288 0 3015450
0.142035 0.00445668 0 3016287
0.146422 0.00459435 0 3453404
0.146874 0.00460853 0 3017174
0.147303 0.00462197 0 3017184
0.148396 0.00465627 0 3017793
0.150312 0.00471639 0 3024286
0.152453 0.00478357 0 3287317
0.160012 0.00502077 0 3289503
0.162634 0.00510304 0 3450644
0.174616 0.00547898 0 3451100
0.176968 0.00555278 0 3451495
0.178417 0.00559827 0 3451568
0.180825 0.00567381 0 3451749
0.182117 0.00571435 0 3451753
0.18499 0.00580451 0 3451815
0.185784 0.00582941 0 3452094
0.186339 0.00584682 0 3821460
0.187057 0.00586937 0 3679218
0.187182 0.00587327 0 3820222
0.188034 0.00590001 0 3820705
0.188364 0.00591036 0 3820805
0.189461 0.00594478 0 3820955
0.201758 0.00633063 0 3821032
0.202712 0.00636057 0 3821071
0.20404 0.00640223 0 3821079
0.206538 0.00648061 0 3821083
0.208172 0.0065319 0 3821094
0.208963 0.0065567 0 3821110
0.20992 0.00658673 0 3821186
0.210983 0.00662011 0 3821334
0.211464 0.00663518 0 3821456
0.214957 0.00674478 0 3454203
0.215183 0.00675189 0 3821635
0.217649 0.00682925 0 3822116
0.217851 0.00683559 0 3822600
0.223467 0.00701183 0 4021755
0.225948 0.00708967 0 4594878
0.22738 0.00713458 0 4723395
0.233972 0.00734144 0 5081590
0.242237 0.00760077 0 6200222
0.284477 0.00892615 0 6200994
0.288496 0.00905226 0 6201454
0.304302 0.00954821 0 6201461
0.306518 0.00961773 0 6423114
0.314186 0.00985834 0 6733066
0.322326 0.0101138 0 6735272
0.325371 0.0102093 0 3453746
0.326494 0.0102445 0 3453444
0.326796 0.010254 0 3453466
0.329398 0.0103357 0 3453467
0.332587 0.0104357 0 3453479
0.335244 0.0105191 0 3453495
0.335624 0.010531 0 3453624
0.337288 0.0105832 0 3453625
0.341654 0.0107202 0 3453643
0.345107 0.0108285 0 3453650
0.349253 0.0109586 0 3453653
0.351433 0.0110271 0 3453661
0.353222 0.0110832 0 3453664
0.357457 0.0112161 0 3453725
0.362151 0.0113634 0 3453727
0.36327 0.0113985 0 25993
0.367132 0.0115196 0 3453791
0.376343 0.0118086 0 3453826
0.377056 0.011831 0 3453827
0.377743 0.0118526 0 3453838
0.378349 0.0118716 0 3453846
0.380126 0.0119273 0 3453895
0.381415 0.0119678 0 3453909
0.382316 0.0119961 0 3453932
0.3835 0.0120332 0 3453967
0.385223 0.0120873 0 3454041
0.385768 0.0121044 0 3454072
0.386355 0.0121228 0 3454074
0.388101 0.0121776 0 3454138
0.388877 0.012202 0 2672470
0.394593 0.0123813 0 2757744
0.395656 0.0124147 0 2172188
0.397069 0.012459 0 2758133
0.397621 0.0124763 0 2757053
0.398936 0.0125176 0 2758966
0.405336 0.0127184 0 2758365
0.405699 0.0127298 0 160553
0.406594 0.0127579 0 2758384
0.408114 0.0128056 0 2758947
0.40914 0.0128377 0 2671805
0.411092 0.012899 0 2758408
0.424092 0.0133069 0 2673740
0.428026 0.0134303 0 2758929
0.428675 0.0134507 0 495985
0.432819 0.0135807 0 2757471
0.440525 0.0138225 0 2672854
0.441266 0.0138458 0 1632745
0.442322 0.0138789 0 1563355
0.456791 0.0143329 0 2673432
0.466544 0.0146389 0 2758737
0.467432 0.0146668 0 328130
0.484476 0.0152016 0 2758672
0.487722 0.0153034 0 2664990
0.48827 0.0153206 0 2758566
0.492741 0.0154609 0 2758588
0.510203 0.0160088 0 328202
0.519034 0.0162859 0 573271
0.520161 0.0163213 0 384277
0.52161 0.0163668 0 1498
0.522717 0.0164015 0 2757324
0.523242 0.016418 0 2757597
0.529245 0.0166063 0 2669759
0.530208 0.0166365 0 2760133
0.533313 0.016734 0 2759818
0.544848 0.0170959 0 2759805
0.545615 0.01712 0 2760256
0.556206 0.0174523 0 2757623
0.558175 0.0175141 0 2757249
0.563021 0.0176661 0 2256585
0.565212 0.0177349 0 2759756
0.572146 0.0179525 0 2261801
0.572374 0.0179596 0 2757642
0.572716 0.0179703 0 33882
0.575024 0.0180428 0 2757686
0.579952 0.0181974 0 44928
0.580917 0.0182277 0 2505415
0.582503 0.0182774 0 2757364
0.586182 0.0183929 0 2759598
0.591141 0.0185485 0 2757689
0.593426 0.0186202 0 2202234
0.59861 0.0187828 0 96616
0.60251 0.0189052 0 2670521
0.604008 0.0189522 0 2757393
0.605558 0.0190008 0 2759212
0.605997 0.0190146 0 2757061
0.627666 0.0196945 0.00397504 3453022
0.636095 0.019959 0.00619298 3453621
0.642816 0.0201699 0.00766059 3821093
0.648871 0.0203599 0.00797327 567986
0.654775 0.0205451 0.011169 173012
0.66219 0.0207778 0.0116012 2760367
0.680915 0.0213653 0.0179021 3452036
0.693593 0.0217631 0.0181109 2375968
0.71459 0.022422 0.0194303 3452895
0.720279 0.0226005 0.0251273 3453203
0.725838 0.0227749 0.0252958 174300
0.727895 0.0228395 0.0286598 3453631
0.749446 0.0235157 0.035402 3821030
0.755948 0.0237197 0.0403985 6992342
0.760567 0.0238646 0.0469228 3453655
0.761565 0.0238959 0.0486583 3017601
0.774952 0.024316 0.051092 2669748
0.776043 0.0243502 0.0568394 3179007
0.785883 0.024659 0.0602886 568410
0.815195 0.0255787 0.0609282 3821031
0.81675 0.0256275 0.0722601 3454085
0.826592 0.0259363 0.0791528 2759083
0.845508 0.0265298 0.0815978 3453592
0.855092 0.0268306 0.082142 3821101
0.860918 0.0270133 0.0961965 3453759
0.897311 0.0281553 0.0964795 2758261
0.917821 0.0287988 0.100638 2760424
0.925593 0.0290427 0.11819 2671222
0.941069 0.0295283 0.137092 495964
0.948144 0.0297503 0.154239 2758522
0.985954 0.0309367 0.157684 2760427
1.00135 0.0314199 0.181943 6736184
1.00605 0.0315674 0.2343 2260622
1.04416 0.0327631 0.241489 2202236
1.0676 0.0334986 0.261207 5081263
5.00587 0.157071 0.275143 6072380
5.00697 0.157106 0.284515 1404501
5.01197 0.157262 0.307213 2760241
5.01428 0.157335 0.313542 2915189
5.01909 0.157486 0.325602 2261788
5.06668 0.158979 0.33536 3451962
5.08837 0.15966 0.353162 2756922
5.09892 0.159991 0.35559 3452124
5.10761 0.160264 0.41815 3452956
5.11637 0.160538 0.426457 2759286
5.12033 0.160663 0.443963 2760465
5.13535 0.161134 0.451603 2756991
5.15235 0.161667 0.466803 3023537
5.19201 0.162912 0.479142 6200460
5.19891 0.163128 0.479869 3450180
5.20822 0.16342 0.510579 3453188
5.21023 0.163483 0.530812 2760176
5.21241 0.163552 0.578514 3453330
5.21686 0.163691 0.63526 3821393
5.28528 0.165838 0.65392 3453494
5.29377 0.166105 0.691889 3452629
5.29472 0.166135 0.707432 3452900
5.31092 0.166643 0.707629 544820
5.31805 0.166866 0.737337 3821096
5.36048 0.168198 0.75521 3451384
5.36268 0.168267 0.763373 3450547
5.3968 0.169338 0.770692 3452910
5.39858 0.169393 0.805562 3452665
5.39944 0.16942 0.830024 6617723
5.39999 0.169438 0.851307 2197624
5.40495 0.169593 0.912256 3452482
5.45267 0.171091 0.946312 6911121
5.45753 0.171243 0.947878 2758811
5.54912 0.174117 0.958677 3453136
5.62404 0.176468 0.995639 5080855
5.64234 0.177042 0.996967 3821097
5.66148 0.177642 1.0225 3454084
5.67299 0.178004 1.09411 3453292
5.68168 0.178276 1.12433 3289979
5.69389 0.178659 1.22016 2671233
5.72421 0.179611 1.31393 60165
5.72804 0.179731 1.44593 3453731
5.76796 0.180984 1.5085 2575227
5.78173 0.181416 1.5251 2670374
5.78672 0.181572 1.59997 2757496
5.81104 0.182335 1.83857 3451207
5.8258 0.182798 1.87766 2669294
5.85091 0.183586 1.98536 6200472
5.89198 0.184875 2.01242 3015451
5.90335 0.185232 2.14008 2758990
5.92975 0.18606 2.42537 3453289
5.94509 0.186541 2.49423 3453166
5.96815 0.187265 2.60205 3450616
6.09646 0.191291 2.60628 3451860
6.13822 0.192601 2.63109 3452812
6.15139 0.193015 2.65386 2259897
6.19098 0.194257 2.66537 2759142
6.27851 0.197003 2.74452 2262810
6.31298 0.198085 2.75285 3453186
6.37079 0.199899 2.75756 2860569
6.40254 0.200895 2.76953 3820572
6.44619 0.202265 2.79183 2670929
6.46808 0.202951 2.83646 6736185
6.50549 0.204125 2.89378 3452663
6.67077 0.209311 2.90956 3453137
6.70019 0.210234 2.95297 2758581
6.70511 0.210389 2.95309 567202
6.71689 0.210759 2.99468 2870088
10.7277 0.336608 3.35702 7480083
10.7853 0.338415 3.38809 3453894
10.8147 0.339336 3.51163 608054
10.8161 0.33938 3.59059 2864001
10.8338 0.339938 3.68984 2391320
10.8976 0.341938 3.70269 3821544
10.9085 0.342279 4.14066 3452504
10.9096 0.342316 4.14914 2759726
11.0127 0.345549 4.22217 3453885
11.0187 0.345737 4.46992 3821100
11.0222 0.345849 4.47811 2759287
11.0314 0.346135 4.50284 2673384
11.04 0.346407 4.56389 2869964
11.0433 0.346511 4.67148 3452172
11.0806 0.347681 4.76588 3453290
11.0858 0.347843 4.86306 174346
11.0896 0.347962 4.89312 6909450
11.1576 0.350096 5.15752 2757587
11.1617 0.350226 5.2672 2860340
11.1898 0.351106 5.53881 2861128
11.2248 0.352206 5.55572 3288186
11.2573 0.353226 5.57702 3020322
11.2822 0.354007 5.63824 6201540
11.2882 0.354193 5.689 2759676
11.3564 0.356334 5.71177 3821266
11.3687 0.35672 6.25644 2757417
11.3872 0.357299 6.30591 2758582
11.4101 0.358018 6.38274 3820387
11.4421 0.359023 6.39133 3452037
11.5088 0.361117 6.50003 2860645
11.5388 0.362057 6.5766 2758580
11.5408 0.362121 6.73943 2670777
11.5446 0.362241 6.9954 3452648
11.5521 0.362475 7.09546 3453284
11.559 0.362692 7.15054 1949560
11.5622 0.36279 7.16367 3453504
11.5686 0.362993 7.2714 3821383
11.5824 0.363426 7.78347 2759653
11.5873 0.363578 8.86525 3453217
11.6081 0.364232 9.67908 2669739
11.6101 0.364295 10.0485 3821062
11.6343 0.365053 10.4279 2756491
11.6503 0.365555 11.2508 3821088
11.6569 0.365764 11.3704 3453632
11.6607 0.365884 11.9236 3453789
11.6904 0.366815 12.7761 3821052
11.7083 0.367376 13.6955 2670468
11.711 0.36746 14.8834 3017610
11.722 0.367806 15.7545 3453668
11.7263 0.36794 15.8216 3821054
11.7316 0.368107 17.7178 545350
11.7336 0.36817 18.5854 3453492
11.7452 0.368535 19.3997 3453130
11.7537 0.3688 19.4776 3453267
11.7696 0.369301 19.6376 3452278
11.7723 0.369384 19.8314 3450932
11.7756 0.369487 22.1182 159762
11.7784 0.369576 24.784 3821047
15.7887 0.495407 28.2524 809737
19.7996 0.621261 30.6886 3055858
19.8002 0.621279 32.8124 3020249
19.8047 0.621419 33.8647 3017538
19.8114 0.621629 36.4382 3821265
19.8137 0.621701 36.8602 3180264
19.8198 0.621893 42.6899 3452355
19.8208 0.621925 43.2562 3453493
19.8212 0.621936 46.9905 3822599
19.823 0.621995 54.4449 2862334
23.834 0.747848 56.8869 809643
23.8346 0.747868 65.9566 3453907
23.8348 0.747874 67.1957 2759291
23.8355 0.747895 77.5071 2673399
23.8389 0.748004 87.9324 2670230
23.8403 0.748045 98.3272 3453303
23.8431 0.748134 141.85 3454126
23.8472 0.748263 151.768 78975
23.8478 0.748282 163.227 2757641
23.8483 0.748296 164.289 3017795
27.8592 0.87415 186.972 1221929
31.8701 1 1192.84 4075543
