Unknown 4 719 719 719 719 float/unsigned
CumulativeMeasure | CDF | Dose | TetraID
0.00653299 5.35499e-05 0.785143 6246756
0.00889839 7.29387e-05 3.03495 5680327
0.0197298 0.000161722 16.6549 7179580
0.0276717 0.00022682 18.2293 224553
0.0344188 0.000282126 22.2969 4179566
0.0476698 0.000390742 32.2242 197820
0.0534723 0.000438304 35.4431 3414686
0.0584302 0.000478943 37.1916 4183299
0.0645376 0.000529004 38.2614 6400762
0.0807739 0.000662091 40.6113 7323268
0.0878777 0.000720319 44.2645 3890185
0.106894 0.000876193 46.2808 4181977
0.124595 0.00102129 46.6865 3840698
0.135208 0.00110828 47.8685 3740295
0.145406 0.00119187 48.5177 1915942
0.155388 0.00127369 50.2442 1939100
0.166992 0.00136881 53.0025 4355400
0.175062 0.00143496 53.4004 5431604
0.211946 0.00173729 53.7345 3908112
0.245238 0.00201017 55.6013 1578023
0.263296 0.00215819 56.1315 3740466
0.294352 0.00241275 58.586 3690051
0.30203 0.00247569 59.7037 3899099
0.308593 0.00252949 59.7155 3230932
0.32414 0.00265692 59.8558 3897700
0.337785 0.00276877 62.3184 4858236
0.352455 0.00288902 62.4275 3739933
0.379323 0.00310925 62.5257 3930397
0.408905 0.00335172 62.9403 1916755
0.415851 0.00340867 63.4374 62550
0.431135 0.00353395 63.9178 6850150
0.499281 0.00409252 64.2279 3740103
0.513291 0.00420736 64.5122 1907592
0.538841 0.0044168 64.5709 1580842
0.569179 0.00466547 65.1243 3740344
0.613819 0.00503137 65.3806 3843780
0.640904 0.00525338 65.7592 7426435
0.647932 0.00531099 65.945 5432188
0.811191 0.0066492 66.298 4191889
0.826286 0.00677293 67.5502 387538
0.831765 0.00681784 67.5903 972097
0.917772 0.00752282 67.7492 1136465
0.993614 0.00814449 68.1219 1999721
1.01291 0.00830262 68.407 3987447
1.16562 0.00955441 68.981 4820325
1.17265 0.00961202 69.1333 3740584
1.18973 0.00975201 69.6016 4576642
1.21198 0.00993436 69.631 1999743
1.22176 0.0100145 69.8618 3898412
1.24868 0.0102352 70.091 5193417
1.26781 0.010392 70.6452 3957376
1.28219 0.0105099 70.8759 3736054
1.31256 0.0107589 70.9532 4187796
1.92428 0.015773 71.3091 3770290
1.97472 0.0161864 71.6341 7119455
2.02597 0.0166066 72.1495 4574203
2.04343 0.0167497 72.2363 101715
2.05276 0.0168261 72.3574 3770287
2.06486 0.0169253 72.6517 4275529
2.09548 0.0171763 72.8109 5680002
2.3358 0.0191462 72.8287 7510561
2.36753 0.0194063 72.9644 5985849
2.48494 0.0203687 73.063 7318278
2.57586 0.0211139 73.4434 4704459
2.6054 0.021356 73.6002 197007
2.62004 0.021476 73.912 5349236
2.65127 0.021732 74.1045 7531650
2.65803 0.0217874 75.1352 3229921
2.69317 0.0220755 75.5279 1790112
2.7111 0.0222225 75.6318 3885379
2.82645 0.0231679 75.9498 1537852
2.8363 0.0232487 77.1727 6849974
2.88204 0.0236236 77.3661 6408452
2.96827 0.0243304 77.4726 243143
2.98224 0.0244449 77.7578 3740615
3.02781 0.0248185 77.7855 1343334
3.6332 0.0297808 78.1615 3770237
3.64292 0.0298605 78.9415 1915646
3.66912 0.0300752 79.2091 3740716
8.74406 0.0716736 79.504 1489586
8.75888 0.0717952 79.7578 5431563
8.77282 0.0719094 79.8741 4771209
8.84905 0.0725342 80.4676 6581883
8.8771 0.0727642 80.5872 2059684
8.91362 0.0730635 80.8366 3901266
11.0061 0.0902153 81.4941 119521
11.0254 0.0903733 81.5809 7484378
13.1598 0.107869 81.9293 4119615
13.1748 0.107991 82.0129 3772602
13.1908 0.108123 82.0954 2900841
13.9783 0.114578 82.1011 3771053
15.576 0.127674 82.9252 3769928
15.6278 0.128099 83.0342 3768349
15.6536 0.12831 83.4527 3740872
18.4946 0.151598 83.6236 3908604
18.5924 0.152399 83.7277 4736421
18.626 0.152674 84.529 3885023
18.6654 0.152997 85.1486 5680285
18.7264 0.153497 85.294 324376
18.7441 0.153642 85.7297 7151496
18.7671 0.153831 85.9553 1999865
18.789 0.154011 86.2066 5574430
18.8813 0.154767 86.2962 4070526
19.858 0.162773 86.3458 1845252
20.4577 0.167689 86.3758 3908886
20.4809 0.167879 86.6325 3740610
22.7239 0.186264 86.8049 3885736
22.7392 0.18639 86.9379 1684955
22.9098 0.187788 87.0217 1851220
23.0003 0.18853 87.1352 2001836
23.0287 0.188763 87.7629 1276611
23.0558 0.188985 87.7892 3740588
23.0722 0.189119 87.8533 7150627
23.1556 0.189803 88.0807 2001401
23.172 0.189937 88.3244 7459964
23.5735 0.193228 88.4434 7516542
23.5871 0.19334 88.4679 4189444
23.8276 0.195311 88.5343 7771098
23.8894 0.195818 89.1086 6748188
24.9958 0.204887 89.1627 6349190
25.2384 0.206875 89.2814 4193088
26.1358 0.214231 89.3308 4190110
26.1443 0.214301 89.3976 3741142
28.2057 0.231197 89.4044 3907977
28.2308 0.231403 89.4787 5680506
28.4711 0.233373 89.6659 3770299
28.851 0.236487 89.8454 3848579
28.8618 0.236576 89.9278 5433447
28.8905 0.236811 90.0997 2747045
28.9164 0.237023 90.1142 7645678
28.9269 0.237109 90.1635 4776666
29.2563 0.239809 90.1687 6407459
29.2695 0.239917 90.2928 7601246
29.2906 0.24009 90.4371 4067521
29.303 0.240192 90.5794 3901927
29.3558 0.240625 90.7482 4187445
29.3788 0.240813 90.7873 5680294
29.4272 0.24121 91.0915 3739205
29.4651 0.24152 91.1957 3740915
29.4838 0.241674 91.2175 1722736
29.579 0.242454 91.4168 7344392
30.5278 0.250232 91.4899 3740560
30.5842 0.250694 91.5024 3739129
32.9359 0.26997 91.641 1971059
32.9722 0.270268 91.7866 7482441
32.9802 0.270333 91.9358 1665291
33.0299 0.270741 92.078 6273149
33.0447 0.270862 92.1311 68164
33.3406 0.273287 92.5813 1849242
33.3535 0.273394 92.7374 1723249
33.3645 0.273484 92.8892 6849755
33.3953 0.273736 92.9289 4535986
33.4468 0.274158 93.1187 3512198
37.0717 0.303871 93.1635 1490579
37.0925 0.304041 93.1834 3740590
37.1062 0.304153 93.4011 7801708
37.497 0.307357 93.5826 8018025
38.2534 0.313557 93.6502 3907880
38.3209 0.31411 93.7586 7264220
38.3397 0.314264 93.8999 3929005
39.5749 0.324389 93.9148 3770369
41.1472 0.337277 94.4598 3770297
41.1641 0.337416 94.9174 3739825
41.1911 0.337636 95.0462 3052062
41.3517 0.338954 95.5783 2109630
41.3646 0.339059 95.9242 6850132
41.3732 0.33913 96.2411 3896043
41.3865 0.339238 96.2517 1999979
41.4077 0.339412 96.2681 3740191
41.5113 0.340261 96.9103 1490106
42.0662 0.34481 97.4806 3908793
42.0727 0.344863 98.1176 3060941
42.183 0.345767 98.1347 1186647
42.2033 0.345934 98.2034 1851124
42.2249 0.34611 98.4271 6850133
42.2604 0.346402 98.5945 4174766
42.3834 0.34741 98.8873 6850391
42.4546 0.347993 99.0162 3891720
43.2259 0.354316 99.4215 2258306
43.2379 0.354414 99.4365 3886738
43.2825 0.35478 99.5484 1906075
43.7583 0.358679 99.6531 4191400
44.4028 0.363962 100.012 1906816
44.4919 0.364693 100.111 3907672
44.527 0.364981 100.304 3231287
44.5615 0.365263 100.645 4177168
44.6484 0.365976 100.724 1725065
45.4378 0.372447 100.775 3908336
45.5172 0.373097 100.956 3052978
45.575 0.373571 101.038 4192456
45.6048 0.373815 101.155 4184021
45.661 0.374276 101.515 7324622
45.692 0.37453 101.546 4180863
45.9126 0.376338 101.609 224615
46.3179 0.379661 101.749 7454084
46.3735 0.380116 101.756 3739209
47.8347 0.392093 101.852 1489573
48.1369 0.394571 102.026 3769989
48.1889 0.394996 102.078 4574986
48.2771 0.395719 102.127 3885594
49.2935 0.404051 102.177 2058078
49.3328 0.404373 102.626 1276520
49.3562 0.404565 102.951 7425878
49.4721 0.405515 102.97 3740515
49.6002 0.406565 102.972 3770109
49.8874 0.408919 103.058 3908885
49.9021 0.409039 103.095 3890408
50.3179 0.412447 103.539 187198
53.7681 0.440728 103.786 7642221
53.9697 0.442381 103.868 1490740
54.0677 0.443184 104.026 1370037
54.112 0.443547 104.06 3908602
54.1193 0.443607 104.068 3851203
54.3286 0.445323 104.551 5225803
54.3863 0.445795 104.793 2043519
54.4197 0.44607 104.84 4278132
54.4961 0.446696 104.966 3939867
54.5266 0.446945 104.987 1916941
54.6485 0.447945 105.404 3908223
54.6914 0.448297 106.446 4224241
54.7127 0.448471 107.056 4068350
54.7395 0.448691 107.072 4175687
54.755 0.448818 107.125 55359
54.7842 0.449057 107.668 1424264
54.8905 0.449928 108.221 722530
54.9058 0.450054 108.25 2040145
54.9581 0.450483 108.459 3740697
55.0171 0.450967 108.786 7037130
55.038 0.451138 109.081 2010537
55.0619 0.451333 109.127 3772115
55.0833 0.451508 109.575 3767932
55.3104 0.45337 109.63 3770281
55.344 0.453646 109.766 4323035
55.3719 0.453875 110.052 6495933
55.3911 0.454032 110.111 4827683
58.2111 0.477147 110.214 4572376
58.2615 0.47756 110.283 3957254
58.3425 0.478224 110.497 3861037
58.358 0.478351 110.684 3897366
58.3777 0.478512 110.791 3740761
58.412 0.478794 110.85 7284304
58.7289 0.481391 111.093 5656262
59.2012 0.485263 111.309 1489446
59.2557 0.485709 111.461 7572300
59.271 0.485835 111.549 6273148
59.3751 0.486688 111.654 3770086
59.7832 0.490034 111.736 3887416
59.9296 0.491233 111.955 6352497
60.2146 0.493569 112.061 2117786
60.3045 0.494306 112.292 5357928
60.346 0.494646 112.965 6842996
60.3636 0.494791 112.966 3386551
60.4262 0.495304 113.019 7602085
60.4424 0.495437 113.038 3859331
60.6198 0.496891 113.046 4126023
60.6374 0.497035 113.063 3986646
61.3545 0.502913 113.192 730981
61.4997 0.504103 113.338 4191042
61.508 0.504171 113.353 3739877
61.5667 0.504653 113.412 4391372
61.6153 0.505051 113.491 3769526
61.6387 0.505242 113.512 3740798
61.7022 0.505763 113.566 6761450
61.7812 0.50641 113.616 2508599
61.8025 0.506585 113.641 2497073
62.3326 0.51093 113.647 6303565
62.3369 0.510966 113.711 1665001
62.4771 0.512114 113.797 1023166
62.5122 0.512402 113.859 1914897
62.5228 0.512489 113.902 140559
62.5703 0.512878 114.09 3740717
62.5932 0.513067 114.107 1967832
63.0765 0.517028 114.245 4104620
63.0934 0.517167 114.419 4523609
63.1079 0.517285 114.421 3740729
63.1538 0.517661 114.438 1370038
63.1647 0.517751 114.539 5219513
63.1882 0.517943 114.733 2058356
63.2788 0.518686 114.813 5432643
63.3106 0.518947 115.084 4787898
63.3541 0.519303 115.104 7202286
63.6101 0.521402 115.191 6139137
63.6275 0.521545 115.253 5432866
64.5556 0.529152 115.433 4672439
64.6662 0.530058 115.489 3771048
65.0083 0.532862 115.618 3891560
70.0858 0.574481 115.636 3898379
70.1077 0.574661 115.917 5573497
70.1358 0.574892 116.115 3896349
70.1633 0.575117 116.189 5682858
70.2036 0.575447 116.226 441812
70.2136 0.575529 116.375 6559114
70.2294 0.575659 116.615 3231558
70.2413 0.575756 116.68 1907879
70.9123 0.581256 117.016 7117306
71.0919 0.582729 117.033 6996395
71.1065 0.582849 117.045 3055875
71.1154 0.582921 117.218 4752296
71.1276 0.583022 117.692 2510559
71.174 0.583402 117.717 1908356
71.1917 0.583547 117.917 5680505
71.2228 0.583802 117.969 7284038
71.5026 0.586095 118.069 2001445
71.7601 0.588206 118.079 7116870
71.8142 0.588649 118.348 3740236
71.9302 0.5896 118.374 622069
71.9465 0.589733 118.648 4016207
71.9564 0.589815 118.707 3890632
71.98 0.590009 118.967 6741421
72.0508 0.590589 119.136 3906749
72.3818 0.593302 119.361 3908338
72.3953 0.593412 119.526 6849657
72.4799 0.594106 119.603 4858290
72.9969 0.598344 119.769 4174812
73.2273 0.600232 119.786 4182371
73.2422 0.600355 119.825 4347997
73.3703 0.601405 120.331 5680293
76.7346 0.628981 120.356 5574486
76.7896 0.629432 120.412 1725567
76.7994 0.629512 120.417 3232229
76.8587 0.629998 120.748 3986197
77.0766 0.631784 121.142 620058
77.0888 0.631884 121.214 4175688
77.0972 0.631953 121.343 6850074
79.5514 0.65207 121.384 4104133
79.6547 0.652917 121.496 3841015
79.805 0.654149 121.507 3896739
79.8924 0.654865 121.624 7534057
79.9838 0.655614 121.932 2044269
80.1041 0.6566 122.064 3740916
80.198 0.65737 122.064 5345878
83.7432 0.686429 122.098 3897603
83.9526 0.688146 122.11 4613129
83.9763 0.68834 122.143 4669270
84.0785 0.689178 122.162 5694972
84.0947 0.68931 122.384 6140986
84.1528 0.689787 122.59 1967731
84.2092 0.690249 123.05 7461971
84.2243 0.690373 123.283 6888089
84.2601 0.690666 123.42 4175522
84.2701 0.690748 123.689 3231553
84.3723 0.691586 124.048 3885611
84.3863 0.691701 124.112 3740871
84.442 0.692157 124.245 1723946
84.4895 0.692547 124.345 6849967
84.7172 0.694413 124.571 5433854
84.7662 0.694815 124.584 3770654
84.7783 0.694914 124.632 145276
84.9782 0.696553 124.73 4774896
85.085 0.697428 124.733 3850063
88.8655 0.728416 124.797 3229793
89.8901 0.736815 124.839 5680234
91.2134 0.747662 124.96 1532774
91.2818 0.748222 125.074 3740202
91.3157 0.7485 125.242 4068981
91.3233 0.748562 125.262 4575100
91.3508 0.748788 125.268 64293
91.3971 0.749167 125.402 98424
91.4139 0.749305 125.553 3231800
91.4743 0.7498 125.616 1723945
91.4825 0.749867 125.753 2041363
91.6836 0.751516 125.831 4771936
91.7341 0.75193 125.975 1906692
91.7719 0.752239 126.207 1602676
91.8061 0.752519 126.537 5679849
91.878 0.753109 126.591 5353992
91.9109 0.753379 127.613 5691415
91.9234 0.753481 127.655 3849434
91.9418 0.753632 127.724 1786326
92.23 0.755994 127.782 4861597
92.2578 0.756222 128.009 6939639
92.353 0.757003 128.075 7632017
92.4312 0.757643 128.156 7330665
92.5258 0.758419 128.211 4018808
92.5669 0.758756 128.22 5572467
92.7547 0.760295 128.415 4120187
92.7779 0.760486 128.58 5605172
92.8534 0.761104 128.581 6994587
92.8617 0.761172 128.676 5354190
92.9038 0.761517 128.705 7723693
93.7818 0.768714 128.855 2117767
93.8403 0.769194 128.916 3845793
93.9181 0.769832 129.101 224938
93.9915 0.770433 129.298 88046
94.6972 0.776218 129.855 812361
94.7412 0.776579 130.344 6406378
94.8269 0.777281 130.449 5574409
95.0418 0.779042 130.463 5680005
95.0632 0.779217 130.577 3986520
95.0766 0.779328 130.815 3897733
95.1009 0.779527 131.087 2002794
95.1098 0.7796 131.284 3894293
95.5297 0.783041 131.441 7632286
95.6078 0.783682 131.465 3907870
95.6576 0.784089 131.879 4708573
95.6802 0.784275 132.029 4488543
97.8362 0.801947 132.054 4771304
97.8947 0.802427 132.149 4776851
98.1289 0.804347 132.425 3959218
98.1362 0.804407 132.552 3956768
98.3243 0.805948 132.67 5432698
98.3515 0.806171 132.673 7517412
98.3992 0.806562 132.808 5347116
98.6065 0.808262 132.879 4175281
98.623 0.808397 133.213 229982
98.6569 0.808675 133.424 5574558
100.08 0.820337 133.552 5433212
100.147 0.820888 133.726 64304
100.246 0.8217 134.226 5655967
100.528 0.824011 134.819 3231460
100.565 0.824316 135.014 1815484
100.599 0.824596 135.16 4175278
100.896 0.827026 135.248 4856059
100.943 0.827412 135.359 4275950
100.977 0.827691 135.571 3231352
100.989 0.827787 135.729 7533592
101.543 0.832331 135.754 3897801
101.566 0.832517 135.956 4177230
101.581 0.83264 136.057 3957021
101.589 0.832706 136.202 3740636
101.747 0.834001 136.204 7632125
102.13 0.837146 136.494 4771778
102.149 0.8373 136.685 1498877
102.167 0.837445 137.002 3898433
102.838 0.842946 137.012 5574732
102.899 0.843445 137.107 4672723
102.917 0.84359 137.108 7544913
102.947 0.843838 137.139 7810871
102.986 0.844158 137.551 6139762
103.022 0.844457 137.735 3897412
103.677 0.849821 137.772 3955600
103.689 0.849925 137.815 2348343
103.704 0.850046 137.838 4854631
103.769 0.850576 137.935 1971021
104.266 0.854653 138.06 3900481
104.305 0.854975 138.066 1850540
104.347 0.855312 138.194 3885098
104.44 0.856078 138.796 6849438
104.477 0.85638 139.204 5680101
104.517 0.856713 139.228 3906471
104.659 0.857876 139.322 5680127
105.794 0.867176 139.439 4179434
105.801 0.867232 140 2109995
105.824 0.867422 140.013 3849579
105.877 0.867859 140.428 6237667
105.893 0.867985 140.68 880374
105.925 0.868246 140.814 1968212
105.933 0.868313 140.84 3232055
105.952 0.868474 140.898 7631892
106.463 0.872661 141.179 4771846
106.48 0.872802 141.184 1118931
106.502 0.872977 141.514 4182803
106.748 0.874996 141.523 7258310
106.798 0.875407 141.581 7385948
106.898 0.876223 141.817 6849951
106.913 0.876351 142.033 44677
106.991 0.876991 142.236 3957306
107.035 0.877351 142.279 4123851
107.055 0.877516 143.056 3280360
107.073 0.877658 143.07 4774847
107.089 0.877788 143.197 3907996
107.762 0.883305 143.389 6849743
107.786 0.883504 143.874 4191715
107.8 0.883618 143.899 3898176
107.833 0.883893 144.025 5944033
107.851 0.884038 144.082 3740345
108.339 0.888039 144.249 6767441
108.35 0.88813 144.582 3891721
108.494 0.889307 145.106 2001436
108.519 0.889512 145.273 5431826
108.525 0.889565 145.775 7515765
108.664 0.890698 145.973 3658584
108.697 0.890969 146.084 5679913
108.725 0.891203 146.4 3957048
109.339 0.896232 146.404 4855689
109.474 0.897337 147.029 5574480
109.483 0.897413 147.109 5656718
109.61 0.898458 147.257 4175173
109.746 0.899573 147.345 5574318
109.863 0.900533 147.866 3229962
109.938 0.901148 147.95 4104166
110.012 0.901747 148.114 3306534
110.071 0.902237 148.498 3232847
110.206 0.903337 148.664 4864300
110.373 0.904709 148.713 5006377
110.571 0.906336 148.867 5574387
110.626 0.906779 148.928 6767428
110.639 0.906888 148.983 4121425
110.694 0.907343 149.104 7770793
110.715 0.90751 149.307 4183363
110.812 0.90831 149.598 3895884
110.832 0.908471 149.674 1971060
110.887 0.908924 149.856 3872970
110.909 0.9091 149.857 3897134
110.982 0.909703 150.053 1789279
111.037 0.910156 150.331 3908476
111.053 0.910286 151.06 3377587
111.132 0.910932 151.335 4104874
111.136 0.910961 151.62 5680320
111.157 0.911137 151.628 4858024
111.382 0.912984 151.997 5565405
111.396 0.913095 152.11 1913649
111.409 0.913199 152.312 3231668
111.419 0.91328 152.368 3739704
112.025 0.918251 152.841 5910133
112.439 0.921642 152.917 3898118
112.463 0.921842 152.961 31160
112.489 0.922058 152.971 3898627
112.55 0.922551 153.83 3897130
112.586 0.922853 153.856 5489673
112.714 0.923901 153.864 4177263
112.723 0.923975 153.873 5012278
112.816 0.924736 154.003 1916008
112.834 0.924879 154.131 3897830
112.947 0.925807 154.169 1454791
112.974 0.926033 154.658 3893340
113.002 0.926261 154.751 5953996
113.04 0.926567 154.775 5432134
113.05 0.926656 154.797 7771219
113.45 0.929932 154.86 3544219
113.554 0.93078 155.003 4181649
113.575 0.930953 155.4 4754062
113.601 0.931165 155.524 4733879
113.616 0.931289 156.291 3277464
113.626 0.931376 156.333 1850508
113.797 0.932773 156.672 3897993
113.816 0.932934 156.696 6404528
114.413 0.937826 156.732 5432069
114.458 0.938196 156.791 3901501
114.516 0.938672 156.991 7654296
114.585 0.939233 157.05 3897650
114.888 0.941719 157.991 6959402
115.03 0.94288 158.013 3896668
115.071 0.94322 158.016 3986266
115.13 0.943703 158.201 5431724
115.538 0.94705 158.212 5433239
115.557 0.947203 158.451 1909766
115.575 0.947347 158.715 737863
115.593 0.947495 158.884 6765012
115.609 0.947624 159.006 1531434
115.648 0.947949 159.041 4104639
115.681 0.948216 159.387 3842908
115.708 0.948437 159.666 5011633
115.716 0.948508 159.736 4184201
115.729 0.948611 160.109 4175276
115.741 0.948708 160.125 6312171
115.753 0.948812 160.173 4276230
115.809 0.949265 160.801 5007663
115.857 0.949658 161.032 3908534
115.879 0.94984 161.125 4006159
115.886 0.949902 161.206 2058249
115.904 0.950043 161.367 7532430
115.912 0.950114 161.451 1908538
116.089 0.951563 161.901 3899450
116.115 0.951773 162.159 7887338
116.164 0.952181 162.714 3740591
116.172 0.95224 163.086 6273992
116.196 0.952437 163.094 3844366
116.208 0.952537 163.179 4665716
116.377 0.953921 163.525 7546008
116.404 0.954148 164.689 6765344
116.407 0.954168 165.312 6102373
116.503 0.954957 165.485 7030731
116.517 0.955072 165.609 665112
116.592 0.955685 165.643 6850813
116.604 0.955783 165.976 1999942
116.625 0.955958 166.045 1580110
116.741 0.956907 166.288 4172832
116.888 0.958113 166.57 4276684
116.975 0.958828 166.581 5574411
117.016 0.959158 166.686 6849956
117.239 0.960992 167.099 4175479
117.256 0.961124 167.181 5433634
117.397 0.96228 167.325 6479348
117.426 0.962518 167.633 4772767
117.438 0.962621 167.834 1785460
117.492 0.963063 167.995 4174215
117.637 0.964251 168.01 5433851
117.641 0.964283 168.204 3192809
117.645 0.964315 168.418 4174368
117.664 0.964474 168.465 3231719
117.705 0.964806 168.738 5691933
117.859 0.966073 169.328 4175701
117.892 0.966345 169.728 1290252
117.926 0.966621 169.966 4178216
117.95 0.966817 170.339 2001567
117.966 0.966945 170.402 4769199
117.983 0.967085 170.564 3986467
118.009 0.967301 170.654 3804160
118.13 0.968293 170.664 5432841
118.376 0.970306 170.745 4183365
118.41 0.970587 171.451 4670548
118.493 0.97127 172.063 5431925
118.508 0.971393 172.311 3232287
118.536 0.971623 172.363 6272998
118.551 0.971745 173.657 2117768
118.617 0.972283 173.738 7646202
118.652 0.972573 174.711 4120133
118.666 0.972688 174.794 4183194
118.705 0.973004 175.234 6849428
118.751 0.973379 175.308 6513834
118.801 0.973795 175.757 4862410
118.811 0.973877 177.333 4355529
118.835 0.97407 177.592 1406568
118.841 0.974118 177.818 3232155
118.881 0.974449 177.9 7453753
118.937 0.974911 177.917 7645429
119.065 0.975959 178.063 1762207
119.156 0.976702 178.131 4178895
119.194 0.97701 178.241 3055950
119.305 0.977924 178.531 5765269
119.319 0.978035 178.585 3899012
119.381 0.978548 178.6 3897198
119.405 0.978747 178.746 3990806
119.419 0.978861 178.803 7524148
119.518 0.979674 179.102 3945292
119.531 0.979775 179.286 1908070
119.545 0.979888 179.979 5943524
119.62 0.980503 180.461 4184116
119.632 0.980608 180.571 4277608
119.648 0.980732 181.081 5679912
119.673 0.980941 181.247 3231444
119.679 0.980993 181.264 4175769
119.719 0.981318 181.3 663933
119.811 0.982074 181.704 621345
119.819 0.982141 182.929 3897500
119.834 0.982257 183.262 5574627
119.905 0.982839 183.411 3232044
119.913 0.982908 183.753 5434462
119.928 0.983027 183.831 5572845
119.939 0.98312 183.888 2058113
119.979 0.983451 185.131 5679803
120.008 0.983683 186.102 6763953
120.02 0.983782 186.936 1787714
120.035 0.983906 187.016 1425032
120.059 0.984102 187.071 5943825
120.071 0.984199 187.141 7483831
120.086 0.984329 188.352 3896583
120.123 0.984626 188.561 5567465
120.177 0.985074 189.466 6850390
120.324 0.986277 189.671 3896279
120.33 0.986327 189.678 5571553
120.341 0.986419 190.604 7334398
120.38 0.986737 191.096 5682109
120.454 0.987343 191.213 16991
120.476 0.987526 191.513 4779764
120.502 0.987736 192.037 4772228
120.52 0.987879 192.523 6457475
120.523 0.98791 193.196 3739346
120.573 0.988317 193.247 4175319
120.586 0.988426 193.755 5453601
120.599 0.988526 194.226 4770871
120.606 0.988585 196.496 6742012
120.656 0.988996 197.167 3902840
120.668 0.989094 197.866 1722690
120.703 0.989383 198.156 4276948
120.708 0.989425 198.186 3740479
120.717 0.989495 199.11 4183919
120.737 0.989659 199.331 4354294
120.755 0.989811 199.78 5680321
120.788 0.990078 199.947 5432267
120.795 0.99014 200.287 4277914
120.804 0.990214 200.489 6898662
120.831 0.990435 201.131 3896496
120.841 0.990511 201.731 7517598
120.9 0.990997 201.896 7631185
120.934 0.991276 202.583 6764521
120.943 0.991347 202.674 3740504
120.968 0.991557 203.19 2381082
121.014 0.991934 203.255 3235711
121.038 0.992125 205.302 4355721
121.045 0.992183 206.215 3898145
121.055 0.992269 206.34 4175698
121.071 0.992396 206.859 4183948
121.104 0.99267 207.205 5433448
121.128 0.99287 207.304 4103834
121.152 0.99306 207.36 1999971
121.167 0.99319 207.419 3734185
121.175 0.993254 208.312 2086185
121.188 0.993356 208.729 4477578
121.198 0.993438 210.963 4771429
121.21 0.99354 211.341 3957019
121.226 0.99367 212.579 4671703
121.258 0.993934 212.777 3897129
121.29 0.994196 212.866 3770980
121.362 0.994787 213.43 4182726
121.374 0.994886 213.789 3896640
121.388 0.995 216.023 4858012
121.472 0.995687 216.281 5163788
121.488 0.995819 218.509 3889817
121.501 0.995927 219.084 954410
121.516 0.996049 223.094 4103232
121.547 0.996301 223.545 6850109
121.561 0.996414 224.931 5431926
121.583 0.996598 224.996 7550729
121.595 0.996698 225.292 3739814
121.602 0.99675 225.405 3895621
121.633 0.997007 225.814 5432742
121.641 0.99707 228.703 5544949
121.664 0.997258 230.791 4175699
121.674 0.997344 231.477 5765452
121.701 0.99756 234.368 2382004
121.712 0.997653 240.283 1453933
121.73 0.997799 241.791 5680322
121.743 0.997905 242.543 5943783
121.787 0.998268 244.839 5573928
121.846 0.998751 248.141 7632120
121.86 0.998868 248.748 5574414
121.869 0.998939 250.308 4174518
121.876 0.999001 256.038 5680292
121.887 0.999085 256.055 1789409
121.909 0.999265 270.826 4771465
121.922 0.999376 281.706 4277824
121.933 0.999462 310.237 5764413
121.947 0.999582 319.1 4771801
121.963 0.999712 332.826 664403
121.971 0.99978 334.629 5680580
121.993 0.999953 363.443 7820300
121.998 1 495.145 5349185
