Unknown 4 358 358 358 358 float/unsigned
CumulativeMeasure | CDF | Dose | TetraID
0.00436624 0.000137001 0 3453643
0.00590669 0.000185336 0 2861292
0.0077822 0.000244185 0 2862334
0.00896752 0.000281377 0 2862537
0.0107314 0.000336724 0 2863295
0.0148776 0.000466821 0 3453653
0.0235534 0.000739045 0 2869964
0.0353317 0.00110862 0 2870088
0.0359124 0.00112684 0 2873184
0.0382253 0.00119941 0 2915189
0.0404408 0.00126893 0 6423114
0.0422387 0.00132534 0 3015446
0.0456913 0.00143367 0 3453650
0.0465559 0.0014608 0 6617723
0.0476331 0.0014946 0 3016287
0.0486403 0.0015262 0 3017048
0.0490923 0.00154039 0 3017174
0.0495206 0.00155383 0 3017184
0.0562038 0.00176353 0 3453632
0.0572023 0.00179486 0 3017601
0.0588666 0.00184708 0 3453625
0.0599597 0.00188138 0 3017793
0.0604222 0.00189589 0 3017795
0.0609968 0.00191392 0 3020249
0.0613766 0.00192584 0 3453624
0.0698052 0.0021903 0 3453621
0.0718098 0.0022532 0 2760176
0.0816516 0.00256201 0 2759083
0.0822579 0.00258104 0 3453846
0.0838083 0.00262968 0 2759212
0.0925611 0.00290433 0 2759286
0.0932477 0.00292587 0 3453838
0.0934676 0.00293277 0 2759291
0.0971465 0.0030482 0 2759598
0.11094 0.00348102 0 2759653
0.112121 0.00351807 0 2759726
0.114313 0.00358683 0 2759756
0.117418 0.00368427 0 2759818
0.118381 0.00371447 0 2760133
0.120297 0.0037746 0 3024286
0.121011 0.003797 0 3453827
0.121778 0.00382107 0 2760256
0.12564 0.00394225 0 3453791
0.133055 0.00417492 0 2760367
0.138487 0.00434536 0 2760382
0.142315 0.00446546 0 3453731
0.146549 0.00459832 0 3453725
0.14691 0.00460965 0 2761021
0.148453 0.00465807 0 2820800
0.150505 0.00472244 0 2859931
0.152293 0.00477857 0 3453664
0.156913 0.00492351 0 3453655
0.160488 0.0050357 0 3452739
0.168935 0.00530075 0 3453267
0.169783 0.00532735 0 3452580
0.171187 0.00537139 0 3452626
0.176048 0.00552391 0 3453217
0.177257 0.00556186 0 3452655
0.178226 0.00559228 0 3452660
0.179999 0.0056479 0 3452665
0.187428 0.00588099 0 3452690
0.188259 0.00590707 0 3452700
0.191232 0.00600035 0 3452706
0.192415 0.00603749 0 3452708
0.193744 0.00607918 0 3452736
0.198705 0.00623484 0 3452482
0.20802 0.00652713 0 3453188
0.210377 0.00660107 0 3453135
0.211767 0.0066447 0 3452884
0.212955 0.00668196 0 3453123
0.213905 0.00671179 0 3452900
0.2149 0.00674302 0 3452901
0.215674 0.00676729 0 3453092
0.220391 0.00691531 0 3452914
0.221757 0.00695815 0 3453036
0.224744 0.00705188 0 3452979
0.225598 0.00707867 0 3453016
0.228575 0.0071721 0 3453026
0.230927 0.0072459 0 3451495
0.232018 0.00728012 0 3179007
0.234159 0.0073473 0 3287317
0.237286 0.0074454 0 3453504
0.244845 0.0076826 0 3289503
0.253538 0.00795536 0 3289979
0.260433 0.0081717 0 3450180
0.263089 0.00825505 0 3453495
0.265711 0.00833732 0 3450644
0.268356 0.00842031 0 3450932
0.280337 0.00879624 0 3451100
0.281368 0.00882859 0 3453493
0.28397 0.00891025 0 3453467
0.289894 0.00909611 0 2759676
0.291344 0.0091416 0 3451568
0.293751 0.00921714 0 3451749
0.295043 0.00925768 0 3451753
0.295345 0.00926714 0 3453466
0.296468 0.00930238 0 3453444
0.300318 0.0094232 0 3453403
0.302503 0.00949176 0 3453330
0.303297 0.00951667 0 3452094
0.304603 0.00955766 0 3453303
0.310712 0.00974934 0 3452355
0.323433 0.0101485 0 3452376
0.325068 0.0101998 0 3821094
0.326124 0.0102329 0 1563355
0.326865 0.0102562 0 1632745
0.327822 0.0102862 0 3821186
0.328886 0.0103196 0 2172188
0.329436 0.0103368 0 2197624
0.33172 0.0104085 0 2202234
0.36983 0.0116043 0 2202236
0.37062 0.0116291 0 3821110
0.375321 0.0117766 0 2260622
0.380131 0.0119275 0 2261788
0.387066 0.0121451 0 2261801
0.394197 0.0123689 0 3821096
0.395293 0.0124033 0 1404501
0.413062 0.0129608 0 2391320
0.414027 0.0129911 0 2505415
0.420748 0.013202 0 3821093
0.423994 0.0133038 0 2664990
0.439967 0.013805 0 3821088
0.445971 0.0139934 0 2669759
0.449447 0.0141025 0 2670230
0.451945 0.0141808 0 3821083
0.453273 0.0142225 0 3821079
0.454227 0.0142525 0 3821071
0.456258 0.0143162 0 2670777
0.458266 0.0143792 0 3821062
0.460731 0.0144565 0 3822116
0.467324 0.0146634 0 5081590
0.467666 0.0146741 0 33882
0.472594 0.0148288 0 44928
0.474025 0.0148737 0 4723395
0.476506 0.0149515 0 4594878
0.48169 0.0151142 0 96616
0.484989 0.0152177 0 159762
0.485352 0.0152291 0 160553
0.485554 0.0152354 0 3822600
0.490705 0.015397 0 174346
0.49106 0.0154082 0 3822599
0.492186 0.0154435 0 384277
0.493501 0.0154848 0 2758966
0.494151 0.0155052 0 495985
0.494377 0.0155123 0 3821635
0.494932 0.0155297 0 3821460
0.49986 0.0156843 0 567202
0.505915 0.0158743 0 567986
0.515754 0.016183 0 568410
0.524585 0.0164601 0 573271
0.525065 0.0164752 0 3821456
0.529509 0.0166146 0 3821393
0.535965 0.0168172 0 3821383
0.537029 0.0168506 0 3821334
0.544801 0.0170944 0 2671222
0.54609 0.0171349 0 3453909
0.546638 0.0171521 0 2758566
0.558962 0.0175388 0 2757417
0.559087 0.0175427 0 3820222
0.564072 0.0176991 0 2757496
0.56479 0.0177216 0 3679218
0.565316 0.0177381 0 2757597
0.568809 0.0178477 0 3454203
0.575884 0.0180697 0 2758522
0.577836 0.018131 0 2758408
0.579334 0.018178 0 2757393
0.580229 0.0182061 0 2758384
0.580806 0.0182242 0 2757641
0.581033 0.0182313 0 2757642
0.582589 0.0182801 0 3454085
0.583134 0.0182972 0 3454072
0.588849 0.0184765 0 2757744
0.595249 0.0186774 0 2758365
0.596433 0.0187145 0 3453967
0.597335 0.0187428 0 3453932
0.605475 0.0189982 0 6735272
0.616843 0.0193549 0 2758990
0.617869 0.0193871 0 2671805
0.621679 0.0195067 0 6909450
0.623199 0.0195543 0 2758947
0.627133 0.0196778 0 2758929
0.627782 0.0196982 0 2673399
0.632642 0.0198506 0 2758811
0.654192 0.0205268 0 3821030
0.667192 0.0209347 0 2673740
0.668778 0.0209845 0 2757364
0.670554 0.0210402 0 3453895
0.671651 0.0210747 0 3820955
0.671981 0.021085 0 3820805
0.672591 0.0211042 0 3453907
0.695505 0.0218231 0 3820387
0.696057 0.0218405 0 2757053
0.696495 0.0218542 0 2757061
0.698464 0.021916 0 2757249
0.69957 0.0219507 0 2757324
0.717032 0.0224986 0.00293028 328202
0.741931 0.0232798 0.00432236 6201540
0.762441 0.0239234 0.00600556 2760424
0.769915 0.0241579 0.0077334 3453284
0.775818 0.0243431 0.00923759 173012
0.780289 0.0244834 0.0136861 2758588
0.784461 0.0246143 0.0158982 2860340
0.792167 0.0248561 0.0167832 2672854
0.795978 0.0249757 0.0181364 3452648
0.802305 0.0251742 0.0227416 3453210
0.805179 0.0252644 0.0271691 3451815
0.816692 0.0256257 0.0305416 3453292
0.919737 0.0288589 0.0334202 3453885
0.921946 0.0289283 0.0368293 3453294
0.942798 0.0295825 0.0389327 2669739
0.957553 0.0300455 0.0401267 2669294
0.992016 0.0311269 0.0422978 3453186
1.00364 0.0314917 0.0466122 3453130
1.01276 0.0317777 0.0473911 2673384
1.08118 0.0339246 0.0485527 3453494
1.08717 0.0341126 0.0519202 3821100
1.08837 0.0341503 0.0553404 2862894
1.10729 0.0347438 0.0608097 3453592
1.11949 0.0351267 0.0632569 2671233
1.13103 0.0354886 0.067959 2759805
1.13972 0.0357614 0.0700114 3452956
1.17938 0.0370059 0.0732438 6200460
1.19168 0.0373918 0.0734479 3821032
1.19668 0.0375487 0.0784741 2760241
1.22664 0.0384889 0.0798128 2758580
1.23315 0.0386929 0.0859464 6992342
1.29072 0.0404996 0.086122 3453894
1.29474 0.0406257 0.0887918 6201454
1.30301 0.040885 0.0926305 6200222
1.30566 0.0409682 0.0942154 3017610
1.34742 0.0422785 0.103275 3452812
1.35171 0.0424132 0.103819 3821054
1.35667 0.0425688 0.109552 2757689
1.361 0.0427046 0.117494 2760294
1.36189 0.0427325 0.121629 328130
1.3912 0.0436522 0.122129 3821031
1.41536 0.0444102 0.12288 2756491
1.44711 0.0454067 0.129674 3820572
1.45561 0.0456732 0.149178 3452629
1.49804 0.0470046 0.179682 3451384
1.51973 0.0476852 0.191508 2756922
5.53058 0.173535 0.19236 4075543
5.53727 0.173745 0.206314 3821265
5.5401 0.173834 0.221979 3821047
5.54479 0.173981 0.227087 3453727
5.56268 0.174542 0.230628 2670468
5.61027 0.176036 0.233207 3451962
5.61707 0.176249 0.269991 3453139
5.61765 0.176267 0.272035 3454074
5.63361 0.176768 0.277055 3452278
5.65872 0.177556 0.291767 6200472
5.72247 0.179556 0.304425 3821544
5.72447 0.179619 0.309852 3453492
5.73368 0.179908 0.32003 3453826
5.73651 0.179997 0.320519 3454126
5.75958 0.180721 0.327379 3450616
5.79699 0.181894 0.340652 3452663
5.80465 0.182135 0.342024 6733066
5.81027 0.182311 0.348157 4021755
5.81718 0.182528 0.358775 1949560
5.83251 0.183009 0.3656 3453166
5.83464 0.183076 0.372554 3015450
5.86399 0.183997 0.375764 608054
5.91171 0.185494 0.404965 6911121
5.98663 0.187845 0.412429 5080855
5.99799 0.188201 0.439163 3452897
6.00331 0.188368 0.454347 545350
6.00901 0.188547 0.458735 3452754
6.04893 0.1898 0.458773 2575227
6.06738 0.190379 0.479225 2758582
6.08652 0.190979 0.491371 3454084
10.0968 0.31681 0.498344 809737
10.1122 0.317294 0.539105 6736184
10.1356 0.318029 0.575239 5081263
10.1371 0.318075 0.612431 1498
10.1807 0.319444 0.616124 2670929
10.1903 0.319745 0.617484 3821101
10.2008 0.320076 0.627212 3452124
10.2166 0.320572 0.627562 6201461
10.2463 0.321503 0.633555 3821052
10.2841 0.32269 0.635539 2760427
10.3183 0.32376 0.64281 3452910
10.3289 0.324093 0.663272 2757623
10.3971 0.326233 0.694698 3821266
10.4291 0.327239 0.695541 3452037
10.4366 0.327474 0.699833 3452871
10.4717 0.328574 0.714608 3288186
10.49 0.329148 0.755546 3821097
10.6553 0.334335 0.770024 3453137
10.7469 0.337209 0.79206 3453136
10.7595 0.337606 0.823068 2375968
10.7733 0.338038 0.826102 2670374
10.7895 0.338547 0.85434 544820
10.7936 0.338676 0.857671 78975
10.8515 0.34049 0.962631 2860569
10.8532 0.340544 0.973562 3454041
10.8587 0.340719 1.03701 174300
10.8646 0.340901 1.11193 3453759
10.891 0.34173 1.1529 3453289
10.9129 0.342417 1.24339 6736185
10.9808 0.34455 1.2795 2757587
10.9826 0.344605 1.35021 3454138
11.0493 0.346699 1.35082 2860645
11.0818 0.347719 1.35188 3020322
11.0832 0.347763 1.42191 2758133
11.1136 0.348715 1.48413 60165
11.1159 0.348787 1.49047 2757686
11.1316 0.349282 1.52231 3452304
11.1348 0.349382 1.53409 3453479
11.1393 0.349521 1.58594 3017538
11.1815 0.350847 1.6145 6200994
11.1855 0.350971 1.64231 2760465
11.273 0.353718 1.727 2262810
11.294 0.354377 1.73832 3452895
11.311 0.35491 1.8307 3023537
11.3131 0.354974 1.83232 3453631
11.3175 0.355112 1.92383 3453404
11.3391 0.355792 1.93128 3453022
11.3502 0.356138 1.97143 3453668
11.4785 0.360164 2.06167 3451860
11.5079 0.361087 2.07714 2758581
11.5117 0.361207 2.1712 3453789
11.5251 0.361627 2.31664 2669748
11.5494 0.36239 2.45591 3451207
11.5905 0.363679 2.49802 3015451
15.6014 0.489532 2.51397 809643
15.6387 0.490702 2.67364 3453290
15.6444 0.49088 2.72925 3453203
15.6458 0.490925 2.72944 2864001
19.6568 0.616779 2.78047 1221929
19.6665 0.617085 2.78499 2758737
19.7061 0.618327 2.83306 2759142
19.711 0.618479 3.10024 2256585
19.7242 0.618892 3.20095 2259897
19.7429 0.61948 3.38369 3452036
19.7537 0.619821 4.11108 3452504
19.756 0.619893 4.13526 3180264
19.7711 0.620364 4.18163 2756991
19.7855 0.620818 4.41311 2673432
19.7868 0.62086 4.43273 3452917
19.7891 0.620929 4.73769 3450547
19.7924 0.621033 5.12665 3452172
19.7935 0.621068 5.15283 25993
19.8105 0.621602 5.6426 2758672
23.7488 0.745175 6.21678 6072380
23.7852 0.746317 6.5704 2758261
23.7888 0.746429 7.90465 2759287
23.7918 0.746525 8.79752 3453746
23.8198 0.747404 9.0977 2861128
23.8237 0.747526 9.16289 2670521
23.8245 0.747551 9.4886 2672470
23.84 0.748036 9.89833 495964
23.8441 0.748167 10.1985 2757471
27.8551 0.87402 11.9553 3055858
31.8659 0.99987 13.6739 7480083
31.8668 0.999897 20.0066 3820705
31.8679 0.999932 26.6187 2924099
31.8701 1 33.765 3453661
