Unknown 4 719 719 719 719 float/unsigned
CumulativeMeasure | CDF | Dose | TetraID
0.00344888 2.82699e-05 8.18745 5680320
0.0142623 0.000116906 11.6663 5433447
0.0278399 0.000228199 11.7328 3899012
0.0355187 0.000291141 14.9868 3899099
0.0413212 0.000338703 15.927 3414686
0.049713 0.00040749 15.9787 6850074
0.0618301 0.000506812 17.1904 3896640
0.0699 0.000572959 20.2488 5431604
0.102858 0.000843112 21.883 5691415
0.115218 0.000944422 23.5913 4477578
0.125792 0.0010311 24.124 140559
0.157173 0.00128832 25.564 5432742
0.164738 0.00135033 25.8506 4277914
0.169695 0.00139097 26.1365 4183299
0.183787 0.00150648 27.9643 665112
0.193111 0.0015829 28.6535 3770287
0.210065 0.00172187 28.8606 4523609
0.217557 0.00178328 29.2317 5680292
0.225704 0.00185006 29.7669 3897500
0.247928 0.00203223 31.2654 4779764
0.33252 0.00272561 31.6408 4858290
0.366995 0.0030082 31.7908 4177168
0.377964 0.00309811 32.8387 5219513
0.506072 0.00414819 33.0545 5680293
0.519535 0.00425854 33.5801 3897733
0.546476 0.00447937 33.811 3896496
0.563918 0.00462235 33.8659 3897830
0.581622 0.00476746 34.5424 7151496
0.597432 0.00489706 35.2429 3231558
0.631687 0.00517783 37.4076 4670548
0.649043 0.0053201 37.5829 4774847
0.657764 0.00539158 37.6165 4184201
0.664511 0.00544689 38.3465 4179566
0.675861 0.00553992 38.7746 1453933
0.688372 0.00564247 38.8266 4175276
0.718984 0.0058934 38.8494 5680002
0.812546 0.00666031 40.5461 6849438
0.825195 0.00676399 40.6647 3231668
0.867281 0.00710896 40.7214 7723693
0.895376 0.00733925 41.0402 3896349
0.901741 0.00739142 41.0718 3895621
0.91693 0.00751592 41.4252 5679912
0.931754 0.00763743 41.4423 5431563
0.977759 0.00801453 42.4709 3235711
0.986639 0.00808732 42.6003 4752296
1.00164 0.00821032 42.7812 3957021
1.03572 0.00848961 42.8169 6764521
1.05316 0.00863257 42.8928 5432866
1.07064 0.00877584 42.9489 6457475
1.16524 0.00955131 43.2148 4018808
1.17762 0.00965279 43.4107 3957019
1.32791 0.0108847 43.412 3896739
1.3999 0.0114747 43.9065 4182726
4.76421 0.0390515 44.055 5574486
4.78008 0.0391816 44.4309 3377587
4.82046 0.0395126 44.5386 5679803
4.84346 0.039701 44.8327 5680294
4.94693 0.0405492 45.2559 4181649
5.00076 0.0409904 45.3772 4174215
5.00906 0.0410585 45.3783 5354190
5.0276 0.0412104 45.4532 5680321
5.06438 0.0415119 45.5608 5680101
5.07808 0.0416242 45.6142 5431926
5.09392 0.041754 45.8234 3734185
5.64829 0.0462981 46.2589 3897801
5.65879 0.0463842 46.3649 5765452
5.66885 0.0464666 46.3909 4771429
5.68434 0.0465936 46.5354 55359
5.69886 0.0467126 46.54 5572845
5.71237 0.0468233 46.5788 6849657
5.73341 0.0469958 46.5822 4754062
5.75637 0.047184 46.6144 4175699
5.78884 0.0474502 46.6241 5432267
5.79878 0.0475317 46.7251 3231553
5.99723 0.0491583 46.7276 5574387
6.05971 0.0496705 47.4984 3897198
6.07465 0.0497929 47.6382 4347997
6.11425 0.0501175 47.7703 4104639
6.1378 0.0503106 47.8208 1406568
6.14758 0.0503908 48.0312 3898412
6.23476 0.0511053 48.3019 5574411
6.26242 0.0513321 49.2063 6765344
10.0429 0.0823199 49.4937 3229793
10.1707 0.0833675 49.5228 1762207
10.1923 0.0835443 49.5249 6850133
15.2697 0.125163 49.6184 3898379
15.3673 0.125964 49.7136 3895884
15.4437 0.126589 49.7949 3939867
15.481 0.126895 50.0364 5432134
15.4965 0.127022 50.4129 4769199
15.507 0.127108 50.4324 4175698
16.18 0.132625 50.4613 6849743
16.1964 0.132759 50.4759 7150627
16.2022 0.132807 50.5963 3232155
16.6106 0.136154 50.7595 5433239
16.6267 0.136286 50.8635 5433634
17.3438 0.142165 50.8941 730981
17.3606 0.142302 51.0097 3231800
18.3853 0.150701 51.0567 5680234
18.6315 0.15272 51.1314 7258310
18.8389 0.154419 51.225 4175281
22.2891 0.1827 51.228 7642221
22.3034 0.182817 51.2901 5574627
22.3402 0.183119 51.4646 5489673
22.4393 0.183931 51.5512 3945292
22.4603 0.184104 51.8819 7820300
22.4666 0.184155 51.9212 4175769
22.5877 0.185147 51.9853 5432841
22.6023 0.185267 52.0954 5349236
22.7487 0.186467 52.1978 6352497
22.7642 0.186595 52.2603 3897700
22.7733 0.186669 52.29 6898662
22.8904 0.187629 52.408 3229962
23.3103 0.191071 52.563 7632286
23.3227 0.191172 52.5929 3901927
26.1427 0.214288 52.7003 4572376
26.2847 0.215451 52.9841 5680127
26.8912 0.220423 53.008 5910133
27.3793 0.224423 53.1313 6767441
27.7929 0.227814 53.254 3898118
27.8143 0.227989 53.312 2497073
29.9703 0.245661 53.3857 4771304
30.0665 0.24645 53.4812 7030731
30.0955 0.246688 53.8188 4772767
30.1344 0.247007 53.8309 5682109
30.4194 0.249343 54.0118 2117786
30.439 0.249503 54.0755 7631892
31.1102 0.255005 54.2534 5574732
31.2041 0.255775 54.5501 5345878
31.2879 0.256462 54.5809 5163788
31.3033 0.256588 54.7017 880374
31.3955 0.257344 54.8587 621345
31.6989 0.259831 54.8662 6959402
31.749 0.260241 55.1575 3902840
31.9639 0.262003 55.1707 5680005
32.1185 0.26327 55.2218 4175701
32.2019 0.263954 55.4391 5431925
32.8155 0.268983 55.5696 4855689
32.8232 0.269046 55.6707 5544949
32.8297 0.2691 55.6874 6246756
33.3405 0.273287 55.6908 4771846
33.3661 0.273496 55.7787 3231444
33.3901 0.273693 55.8626 5943825
33.7897 0.276969 56.1865 3544219
33.8401 0.277382 56.2999 3957254
33.853 0.277488 56.3402 5943783
33.8794 0.277704 56.343 3898627
35.2026 0.28855 56.3826 1532774
35.3409 0.289684 56.3871 3658584
35.3568 0.289814 56.393 664403
35.3787 0.289994 56.517 4771465
35.3942 0.290121 56.6231 3897366
35.4475 0.290558 56.7453 6237667
35.4809 0.290832 56.9364 5433448
35.5174 0.291131 57.3251 3897412
35.7173 0.292769 57.3361 4774896
35.7484 0.293024 57.4033 4180863
35.7959 0.293413 57.5427 6849967
36.0262 0.295301 57.554 4182371
36.0815 0.295755 57.6203 5007663
39.6267 0.324814 57.7435 3897603
39.6367 0.324895 57.7768 4355529
39.6515 0.325017 57.8068 3232287
39.7468 0.325798 57.8168 7632017
40.2442 0.329875 57.8585 3900481
40.3672 0.330883 57.8718 6850391
40.3803 0.330991 57.9407 954410
40.4073 0.331212 57.9985 5193417
40.542 0.332317 58.0417 5574480
40.5563 0.332434 58.1494 5574414
40.5634 0.332491 58.2089 5432188
40.5772 0.332605 58.2402 3898176
40.7222 0.333794 58.2524 5433851
41.3766 0.339157 58.2772 3955600
41.4151 0.339473 58.5449 6849428
41.429 0.339587 58.5913 4771209
41.4574 0.339819 58.7061 6763953
41.5081 0.340235 58.8492 4862410
41.5474 0.340558 59.0089 1850540
42.0307 0.344519 59.1854 4104620
42.6275 0.349411 59.2165 5432069
42.6719 0.349774 59.2928 5573928
42.8996 0.351641 59.321 5433854
43.0111 0.352555 59.4555 5765269
43.0221 0.352645 59.4702 6849755
43.0951 0.353244 59.4904 3306534
43.174 0.353891 59.725 4104874
43.1954 0.354066 59.7615 4182803
43.3534 0.355361 59.8255 7632125
44.2314 0.362558 59.941 2117767
45.6543 0.374221 60.0318 5433212
45.6696 0.374347 60.2469 2040145
45.6783 0.374418 60.6578 3896043
45.902 0.376251 60.8546 4175479
46.0901 0.377793 60.9475 5432698
46.104 0.377907 61.2407 4858012
46.2508 0.37911 61.4378 3896279
46.4963 0.381123 61.5477 4183365
46.8799 0.384267 61.5522 4771778
46.9956 0.385216 61.5558 4172832
47.0545 0.385698 61.6762 7632120
47.0795 0.385903 61.8554 5431826
48.214 0.395202 62.0614 4179434
48.2687 0.395651 62.0922 6850390
48.3093 0.395983 62.151 5691933
50.7635 0.4161 62.1711 4104133
50.8977 0.4172 62.2075 4864300
50.9252 0.417426 62.209 5682858
50.9336 0.417494 62.5984 5434462
50.9925 0.417977 62.7155 5431724
51.0194 0.418198 62.7566 5011633
51.1868 0.41957 62.7724 5006377
51.2339 0.419956 62.881 4275950
51.2495 0.420084 63.249 44677
52.1776 0.427692 63.4594 4672439
52.2487 0.428274 63.5615 3232044
52.9544 0.434059 63.5753 812361
52.9738 0.434217 64.1034 3231719
53.0347 0.434717 64.2996 4672723
53.0483 0.434828 64.3524 4858236
53.096 0.43522 64.4383 5347116
53.1376 0.43556 64.5266 6842996
53.2736 0.436675 65.2055 5574318
53.2884 0.436797 65.2517 2117768
53.4588 0.438193 65.3546 3897993
53.5868 0.439242 65.3772 4177263
53.6618 0.439857 65.4722 4184116
53.6832 0.440033 65.5832 4858024
53.7188 0.440324 65.724 4174766
53.735 0.440457 65.8761 3859331
53.7509 0.440587 66.269 4671703
53.7569 0.440637 66.2837 5571553
53.8985 0.441798 66.3185 3896668
54.1164 0.443584 67.2534 620058
54.4129 0.446014 67.3577 4856059
54.4876 0.446626 67.5273 6850813
54.5029 0.446752 68.0362 6850150
54.5157 0.446857 68.2612 6850132
54.5305 0.446978 68.6848 4854631
54.564 0.447252 68.7726 4278132
54.5897 0.447463 68.8999 7887338
54.8716 0.449773 69.0099 3231460
54.93 0.450253 69.0383 4776851
54.9984 0.450813 69.0898 3897650
55.0378 0.451136 69.2259 5680285
55.0657 0.451365 69.274 5953996
55.0761 0.45145 69.6108 5764413
55.1213 0.45182 69.8851 3901501
55.144 0.452006 69.9997 4177230
55.219 0.452621 70.1115 4104166
55.5072 0.454984 70.5221 4861597
56.0243 0.459222 70.6938 4174812
56.0807 0.459684 70.963 7461971
56.1032 0.459869 71.0631 7550729
56.1772 0.460476 71.0666 16991
56.203 0.460687 71.1148 7645678
56.2389 0.460981 71.2173 4175522
56.2547 0.46111 71.243 1531434
56.4235 0.462494 71.2951 7546008
56.4571 0.46277 71.6307 4178216
56.6582 0.464418 72.0974 4771936
56.6729 0.464539 72.1551 4771801
56.751 0.465179 72.6939 3957306
56.7626 0.465274 72.7441 4355400
56.7966 0.465553 72.8109 3231352
56.8039 0.465612 72.8263 6273992
57.0292 0.467459 72.9663 5565405
57.067 0.467769 73.3673 1602676
57.1167 0.468177 73.8206 4175319
57.1922 0.468795 73.9218 6994587
57.22 0.469023 74.2547 6939639
57.2635 0.46938 74.3448 7202286
57.2854 0.469559 74.5149 5574430
57.2894 0.469592 74.6732 4174368
57.5236 0.471511 74.8859 3959218
57.5498 0.471727 74.9245 3804160
57.5731 0.471918 74.9689 4355721
57.6513 0.472558 75.3333 7330665
57.669 0.472703 75.5828 5680505
57.6757 0.472759 75.6975 3229921
57.8168 0.473915 75.8448 6479348
57.8709 0.474358 75.9953 6767428
57.8858 0.47448 76.1653 4103232
57.9035 0.474626 76.4103 5680322
57.9195 0.474757 76.5607 3896583
57.9303 0.474845 76.8527 7771219
57.9384 0.474912 76.8991 3232055
57.9575 0.475068 76.9317 4181977
58.1371 0.47654 77.6279 6996395
58.1603 0.476731 77.6978 5605172
58.3371 0.47818 77.7749 3899450
58.3454 0.478248 77.9269 5680580
58.374 0.478482 78.2863 3957048
58.5015 0.479527 78.3949 4175173
58.5579 0.47999 78.401 7645429
58.5645 0.480043 79.1151 3230932
58.5833 0.480198 79.3788 1498877
58.5983 0.480321 79.7105 3277464
58.6085 0.480405 80.7236 1915942
58.6992 0.481148 80.8346 4178895
58.7078 0.481218 81.1333 4183919
58.7386 0.481471 81.3135 6850109
58.8858 0.482677 81.4011 4276684
58.899 0.482786 81.5978 1999979
58.9343 0.483075 81.7994 4276948
58.9481 0.483188 82.8939 5943524
59.0137 0.483726 82.936 7646202
59.0541 0.484057 82.9405 6849956
59.1701 0.485008 83.1824 622069
59.2607 0.485751 83.6211 5432643
59.2729 0.48585 83.6381 145276
59.2972 0.48605 83.8554 31160
59.3559 0.486531 83.8636 4391372
59.3692 0.48664 84.3811 5453601
59.3815 0.486741 84.4476 4770871
59.403 0.486916 84.6031 3897134
59.4628 0.487407 84.6586 3232847
59.5347 0.487996 85.0547 5353992
59.5509 0.488129 85.3668 4016207
59.5631 0.488229 85.4596 4175688
59.6487 0.488931 85.8817 5574409
59.6586 0.489012 86.1152 6849974
59.6883 0.489256 86.6258 4184021
59.7213 0.489526 86.8207 5679913
59.735 0.489638 86.9742 7801708
59.7682 0.48991 87.2525 1290252
59.7837 0.490038 87.4086 4183948
59.8188 0.490325 88.0153 3231287
59.8527 0.490603 88.6198 5574558
59.8772 0.490803 88.6977 4103834
59.9094 0.491068 88.8688 3897129
59.9696 0.491561 88.8945 3897130
60.0038 0.491841 89.0058 5679849
60.059 0.492294 89.064 3872970
60.073 0.492408 89.5499 1907592
60.0986 0.492618 90.0324 4772228
60.1981 0.493434 90.0965 6849951
60.2616 0.493955 90.4202 6761450
60.2692 0.494017 90.8285 4575100
60.2854 0.49415 91.0056 6140986
60.299 0.494261 91.2051 1913649
60.3453 0.49464 91.6147 98424
60.3672 0.49482 92.1358 5573497
60.4008 0.495096 92.7829 5944033
60.4155 0.495216 93.384 3890408
60.4282 0.49532 93.4938 4277608
60.4584 0.495568 95.5614 7810871
60.478 0.495729 95.8608 3740761
60.4972 0.495886 96.0977 3957376
60.5093 0.495985 96.3604 4275529
60.5315 0.496167 96.3872 4006159
60.5897 0.496644 96.4805 7654296
60.6148 0.49685 96.8402 5680506
60.7281 0.497779 96.9397 1454791
60.7381 0.497861 97.1162 6559114
60.7518 0.497973 97.6717 4189444
60.7605 0.498044 98.1628 4174518
60.7746 0.498159 98.9587 4183194
60.7973 0.498345 99.3015 4488543
60.8149 0.49849 99.8478 3898433
60.8418 0.49871 99.9526 4175687
60.8829 0.499047 100.195 5572467
60.9092 0.499263 100.303 2382004
60.9433 0.499542 100.635 4175278
60.9533 0.499624 101.762 1939100
60.9588 0.499669 102.747 972097
60.9768 0.499817 103.155 6765012
61.0283 0.500239 105.004 3512198
61.0354 0.500297 105.173 3898145
61.0557 0.500464 105.932 4183363
61.0954 0.500789 106.75 663933
61.1234 0.501019 108.259 2059684
61.1828 0.501505 108.833 7631185
61.2064 0.501699 109.863 4669270
61.236 0.501942 110.471 1916755
61.2632 0.502164 110.699 7517412
61.2796 0.502299 110.952 229982
61.3162 0.502599 112.746 3901266
61.3441 0.502828 113.466 6495933
61.9558 0.507842 113.619 3770290
61.9897 0.508119 113.81 4068981
62.0126 0.508307 114.501 1967832
62.0252 0.508411 114.821 4276230
62.0332 0.508476 114.861 224553
62.0734 0.508806 115.168 441812
62.0785 0.508847 115.61 3740479
62.1595 0.509512 116.067 3861037
62.1758 0.509645 116.864 7323268
67.2507 0.551243 117.049 1489586
67.3092 0.551723 117.285 3845793
67.3164 0.551782 117.308 6742012
67.3426 0.551996 118.405 3740716
68.9403 0.565092 118.62 3769928
68.952 0.565189 118.943 7483831
68.9665 0.565307 118.949 3740729
70.5388 0.578196 119.346 3770297
71.1442 0.583158 119.547 3770237
71.1883 0.583519 119.744 6406378
71.3164 0.584569 119.829 3770109
71.3525 0.584865 120.607 5567465
71.38 0.585091 120.622 3893340
71.3988 0.585244 120.773 1722736
71.455 0.585705 121.189 7324622
71.467 0.585804 121.843 1787714
71.5452 0.586444 122.294 3907870
71.5569 0.586541 122.779 7533592
71.5772 0.586707 122.888 1851124
71.5829 0.586754 123.043 5349185
71.6064 0.586946 123.147 2058356
71.6372 0.587199 123.547 4535986
71.6828 0.587572 123.697 1343334
71.7061 0.587764 123.954 3740798
71.7405 0.588045 124.062 7284304
74.5815 0.611333 124.228 3908604
75.3379 0.617533 125.184 3907880
75.3591 0.617706 125.372 3740191
75.3652 0.617757 125.484 6400762
75.3828 0.617901 125.633 737863
75.9825 0.622817 125.74 3908886
76.0027 0.622982 125.808 4354294
76.0149 0.623082 126.381 4665716
76.0254 0.623168 126.579 4776666
76.0293 0.6232 126.855 3192809
76.0596 0.623448 126.872 3740344
76.0804 0.623619 127.201 3740590
76.1247 0.623982 127.494 3908602
76.1435 0.624136 127.816 3929005
76.4728 0.626835 128.478 6407459
76.4905 0.62698 129.587 7544913
77.4393 0.634758 129.732 3740560
77.5456 0.635629 129.781 722530
77.5657 0.635794 130.704 3280360
79.0269 0.647771 130.9 1489573
79.0334 0.647824 131.487 3060941
79.0506 0.647965 132.01 7532430
79.3674 0.650562 133.167 5656262
79.3871 0.650723 133.706 1971060
79.3998 0.650827 133.733 2348343
83.0247 0.68054 135.176 1490579
83.0285 0.680571 135.592 3739346
83.8159 0.687026 135.63 3771053
85.0511 0.69715 135.922 3770369
85.1533 0.697988 136.264 3885611
85.2327 0.698638 136.416 3052978
85.263 0.698887 137.985 4187796
85.2655 0.698907 137.997 6102373
85.6076 0.701712 138.618 3891560
85.6168 0.701787 139.287 5656718
85.7077 0.702533 139.977 4704459
85.9949 0.704886 140.649 3908885
87.0114 0.713218 140.899 2058078
89.363 0.732494 141.114 1971059
89.4582 0.733274 141.227 7344392
89.4863 0.733505 141.527 6272998
89.5754 0.734235 141.632 3907672
89.6617 0.734942 142.137 243143
89.6742 0.735045 142.35 1785460
89.7298 0.735501 142.363 3739209
89.9702 0.737471 142.867 7510561
92.0626 0.754623 143.461 119521
92.535 0.758495 143.986 1489446
92.6386 0.759344 145.109 1490106
92.6644 0.759555 145.277 3740872
92.7624 0.760359 145.43 1370037
92.7856 0.760549 145.471 3740610
92.8088 0.760739 145.733 1999971
93.7062 0.768094 145.828 4190110
93.7141 0.76816 145.869 1665291
94.2442 0.772505 146.357 6303565
94.2965 0.772933 146.691 3740697
95.403 0.782003 147.412 6349190
95.4574 0.782449 147.703 7572300
95.5677 0.783353 147.813 1186647
95.6546 0.784065 147.994 1725065
95.7227 0.784624 148.236 3740103
97.8572 0.802119 148.599 4119615
97.8661 0.802193 148.811 5012278
97.909 0.802545 149.123 4224241
97.9849 0.803166 149.495 1999721
98.6294 0.80845 149.574 1906816
98.6709 0.80879 149.735 3986266
98.6893 0.80894 149.919 1786326
98.9319 0.810929 149.965 4193088
98.9432 0.811021 149.998 2058113
98.9554 0.811121 150.194 2510559
99.1327 0.812575 150.431 4126023
99.1974 0.813105 150.605 1971021
99.2292 0.813366 151.144 1968212
99.2428 0.813477 151.455 4277824
99.2621 0.813636 151.59 3987447
99.2702 0.813702 151.798 3740636
99.2842 0.813817 152.246 3740871
99.3248 0.814149 152.524 3906471
99.5342 0.815866 153.073 4613129
99.9142 0.81898 154.227 3848579
99.9453 0.819235 155.408 7284038
100.013 0.819789 155.518 7264220
100.253 0.82176 155.845 7771098
100.357 0.822607 155.971 3841015
102.6 0.840992 156.115 3885736
102.618 0.84114 156.217 3740466
102.628 0.841227 156.239 3740295
102.647 0.841384 156.544 4827683
103.318 0.846884 157.073 7117306
103.649 0.849597 157.377 3908338
105.711 0.866493 157.381 3907977
105.912 0.868146 157.726 1490740
105.95 0.868454 158.308 3055950
106.159 0.870169 158.371 5225803
106.208 0.870571 158.383 3770654
106.216 0.870639 159.534 3739877
106.228 0.870731 159.915 7334398
106.296 0.871291 160.063 3740202
106.598 0.873769 160.299 3769989
106.705 0.874644 160.868 3850063
106.739 0.874919 161.375 3885023
106.789 0.875333 161.493 1906692
106.816 0.875553 162.019 3930397
106.871 0.876006 162.874 3908476
106.88 0.876077 163.09 1908538
106.892 0.876179 163.788 3849434
106.94 0.876572 164.374 3908534
106.957 0.876711 164.525 3739825
107.007 0.877118 164.576 3740591
107.074 0.877669 164.593 64304
107.262 0.879208 164.616 4120187
107.817 0.883757 165.107 3908793
107.84 0.883949 165.132 7425878
107.851 0.884041 166.198 3891721
108.107 0.886139 166.255 6139137
108.155 0.886529 166.279 3740717
108.162 0.886585 166.634 2109995
108.223 0.887084 166.745 324376
108.315 0.88784 166.747 4070526
109.104 0.894311 167.286 3908336
109.495 0.897514 167.752 8018025
109.658 0.898853 168.11 4191889
109.686 0.899075 168.234 3740588
109.722 0.899377 168.646 3908112
109.785 0.89989 168.935 7602085
109.859 0.900493 169.413 1789279
109.909 0.900904 169.915 7385948
110.136 0.902766 170.177 3770281
110.219 0.90345 170.549 2001401
110.269 0.903857 170.549 4708573
110.414 0.905047 170.574 4191042
111.391 0.913053 170.578 1845252
111.424 0.913326 170.755 1578023
111.469 0.913692 171.133 3843780
111.482 0.9138 171.336 197820
111.626 0.914977 171.435 2001436
111.666 0.915307 172.104 7453753
111.681 0.915433 172.624 6273148
111.902 0.917241 173.461 224615
111.95 0.917638 174.145 3739205
111.962 0.917736 174.757 6312171
112.038 0.91836 174.765 6581883
112.069 0.918615 174.834 3690051
112.143 0.919216 175.495 88046
112.422 0.921509 175.772 2001445
112.451 0.921744 175.842 2747045
112.537 0.922449 175.872 1136465
112.659 0.923449 175.932 3908223
112.673 0.923563 175.994 3740615
113.078 0.926886 176.19 7454084
113.12 0.927222 176.482 3885098
113.133 0.927331 176.602 7601246
113.145 0.927428 176.656 1907879
113.215 0.928008 176.839 3906749
113.271 0.928465 176.973 1723946
113.295 0.928664 177.233 4191715
113.304 0.928735 177.328 3740504
113.339 0.929023 177.623 1914897
113.348 0.929095 177.963 3894293
113.369 0.929266 178.354 2010537
113.462 0.930027 178.536 1916008
113.702 0.931997 179.902 3770299
113.855 0.933249 179.918 4820325
113.915 0.933744 179.963 1723945
113.923 0.933805 180.215 3956768
113.98 0.934277 180.279 2043519
114.004 0.934473 180.378 2001567
114.016 0.934572 180.512 3739814
114.132 0.935518 180.773 1537852
114.151 0.935679 181.1 6404528
114.183 0.935939 181.259 5985849
114.285 0.936777 181.283 5694972
114.693 0.940122 181.719 3887416
114.811 0.941085 181.825 7318278
114.888 0.941723 182.142 224938
114.938 0.942131 182.744 6273149
115.196 0.944241 182.895 7116870
115.213 0.944385 182.914 101715
115.239 0.944597 183.176 4733879
115.29 0.94501 183.317 7119455
115.317 0.945231 183.348 3052062
115.334 0.945375 183.495 3740345
115.432 0.946177 183.799 4736421
115.449 0.946318 184.006 1118931
115.459 0.946398 184.218 1915646
115.517 0.946872 184.505 4192456
115.536 0.94703 184.821 7484378
115.562 0.94724 184.928 2381082
116.333 0.953563 185.818 2258306
116.432 0.954375 186.075 5655967
116.49 0.954852 186.346 1967731
116.5 0.954932 186.478 3232229
116.521 0.955107 187.214 3986520
116.567 0.955482 187.217 6408452
116.683 0.956431 187.655 3740515
116.715 0.956693 188.441 3770980
116.739 0.956888 188.793 6741421
116.771 0.957155 189.126 3842908
116.807 0.957445 189.35 4120133
116.862 0.957896 189.699 1725567
116.892 0.958145 190.414 1916941
116.93 0.958456 190.63 3740915
116.983 0.958889 190.717 4187445
117.039 0.959351 191.033 3739129
117.054 0.959475 191.066 1425032
117.071 0.959609 191.087 7459964
117.231 0.960926 191.609 2109630
117.259 0.961152 192.014 64293
117.266 0.96121 192.308 3890185
117.357 0.961959 193.495 2044269
117.368 0.962048 193.532 7179580
117.414 0.962424 194.865 1370038
117.473 0.962908 195.048 7037130
117.563 0.963644 195.379 5357928
117.584 0.963819 195.483 1580110
118.06 0.967719 195.586 4191400
118.148 0.968442 195.891 3885594
118.18 0.968702 196.148 4787898
118.224 0.969062 196.814 4123851
118.246 0.969244 197.156 1999743
118.262 0.969376 197.579 2900841
118.353 0.970118 197.694 2001836
118.463 0.971024 197.851 3771048
118.603 0.972173 198.084 1023166
118.665 0.97268 198.497 6748188
118.711 0.973055 199.079 6513834
118.738 0.973277 199.349 7426435
118.794 0.973732 199.552 7770793
118.807 0.973839 200.282 1723249
119.208 0.977129 201.116 7516542
119.21 0.977149 201.623 5680327
119.381 0.978547 202.526 1851220
119.797 0.981956 202.975 187198
119.814 0.9821 203.525 3986646
119.844 0.982342 203.705 197007
119.896 0.982768 205.184 4574986
119.914 0.982915 205.772 3885379
119.959 0.983281 206.215 1906075
119.966 0.983343 206.623 2058249
120.025 0.983829 207.399 3986197
120.097 0.984412 207.796 3891720
120.13 0.984688 207.95 4323035
120.181 0.985108 208.4 4574203
120.217 0.985396 209.207 1790112
120.256 0.985716 209.665 6139762
120.293 0.986021 209.792 1815484
120.322 0.98626 211.237 1424264
120.335 0.986369 211.588 4121425
120.35 0.98649 211.982 3739933
120.371 0.986665 212.385 3767932
120.387 0.986795 212.601 3907996
120.683 0.98922 212.634 1849242
120.698 0.989343 215.464 3772602
120.802 0.990196 216.394 3770086
120.854 0.990621 216.674 3768349
120.974 0.991608 217.071 3740916
121.062 0.992324 217.076 7534057
121.079 0.992463 218.165 4576642
121.091 0.992561 219.758 3886738
121.103 0.992663 220.829 1908070
121.126 0.992853 221.753 3849579
121.173 0.993234 222.698 1908356
121.197 0.993431 225.202 3844366
121.203 0.993483 226.144 7515765
121.212 0.993559 227.081 7517598
121.237 0.993758 229.643 2002794
121.253 0.99389 230.397 3889817
121.277 0.994089 230.526 3990806
121.326 0.994488 230.975 3769526
121.341 0.994613 232.57 1684955
121.367 0.994823 234.671 1580842
121.384 0.994964 235.05 3986467
121.391 0.995024 236.442 3851203
121.43 0.995345 236.493 1276520
121.448 0.99549 241.315 3386551
121.502 0.995933 242.129 3740236
121.509 0.99599 242.993 62550
121.527 0.996135 243.313 3840698
121.606 0.996783 244.976 2508599
121.613 0.99684 247.172 3740584
121.623 0.996921 251.711 3739704
121.631 0.996991 253.927 3741142
121.643 0.99709 255.649 1722690
121.667 0.997285 258.653 3772115
121.688 0.997458 264.138 4067521
121.703 0.997582 264.883 387538
121.734 0.997838 265.259 7531650
121.756 0.998012 267.713 4068350
121.77 0.99813 268.421 3736054
121.789 0.998282 268.62 1909766
121.803 0.998404 274.242 68164
121.819 0.998528 274.611 6888089
121.826 0.998592 276.037 2086185
121.855 0.998825 277.678 1276611
121.878 0.999014 280.198 1999865
121.893 0.999134 280.496 3055875
121.929 0.999432 283.231 7482441
121.939 0.999516 283.375 1789409
121.951 0.999614 286.66 1999942
121.962 0.999702 293.214 1850508
121.97 0.999769 296.148 2041363
121.98 0.99985 296.493 3890632
121.984 0.999886 300.881 1665001
121.998 1 319.245 7524148
