Unknown 4 719 719 719 719 float/unsigned
CumulativeMeasure | CDF | Dose | TetraID
0.0104169 8.53854e-05 23.0983 5764413
0.0190958 0.000156525 38.2765 3896043
0.031475 0.000257996 42.1986 3957019
0.0400106 0.000327961 46.0047 4183919
0.0454899 0.000372874 51.3832 972097
0.0578496 0.000474184 58.4579 4477578
0.0731336 0.000599465 59.7324 6850150
0.0893564 0.00073244 60.8584 4016207
0.0961036 0.000787746 64.1162 4179566
0.101062 0.000828385 67.1616 4183299
0.115129 0.000943693 68.0231 4183194
0.124177 0.00101786 73.4384 6898662
0.137822 0.00112971 73.7029 4858236
0.172077 0.00141048 74.5079 4670548
0.185006 0.00151647 75.0082 5943783
0.206049 0.00168895 75.4345 4754062
0.217399 0.00178198 75.9563 1453933
0.227897 0.00186803 76.0061 5765452
0.236289 0.00193682 78.5132 6850074
0.248482 0.00203677 79.9708 4175688
0.269941 0.00221266 80.2068 4858024
0.277433 0.00227407 80.5673 5680292
0.29515 0.0024193 80.7825 5680505
0.308613 0.00252965 80.9266 3897733
0.323132 0.00264866 83.0835 5572845
0.33683 0.00276094 83.5642 5431926
0.37567 0.0030793 84.7849 5682109
0.391537 0.00320937 85.2925 3377587
0.406411 0.00333129 85.6137 4103232
0.466641 0.00382498 86.1876 3897130
0.532282 0.00436303 86.4658 7646202
0.544684 0.00446469 86.5366 3901927
0.560205 0.00459191 87.8288 3897366
0.575095 0.00471396 91.1174 3232287
0.583242 0.00478074 91.8384 3897500
0.614623 0.00503796 92.0253 5432742
0.628506 0.00515176 92.878 3898176
0.654783 0.00536715 93.0741 3804160
0.670724 0.00549782 93.933 3896583
0.683374 0.0056015 94.5751 3231668
0.717849 0.00588409 94.6558 4177168
0.733038 0.0060086 94.8705 5679912
0.748587 0.00613604 95.1076 4769199
0.812098 0.00665664 96.7522 6761450
0.853186 0.00699343 98.0573 5572467
0.870543 0.0071357 98.483 4774847
0.964104 0.00790261 99.0396 6849438
0.986328 0.00808477 99.8563 4779764
0.998839 0.00818733 100.261 4175276
1.03184 0.00845785 100.283 5679913
1.04396 0.00855717 100.529 3896640
1.05152 0.00861918 100.619 4277914
1.05986 0.00868752 100.918 5680580
1.23026 0.0100843 101.326 3897993
1.25221 0.0102642 101.362 4771465
1.26834 0.0103964 101.805 5433634
1.28688 0.0105483 102.138 5680321
1.33318 0.0109279 102.264 98424
1.3622 0.0111657 102.31 4772767
1.40572 0.0115225 102.476 7202286
5.18618 0.0425103 102.581 3229793
5.2255 0.0428326 102.709 1850540
5.31009 0.043526 102.9 4858290
5.3466 0.0438252 103.356 3897412
5.35287 0.0438766 103.655 4175769
10.4303 0.0854958 103.829 3898379
10.439 0.0855671 105.255 4174518
10.4533 0.0856838 105.653 5574627
10.4765 0.0858741 106.343 5605172
10.5898 0.0868028 106.678 1454791
10.7258 0.0879175 106.69 5574318
14.176 0.116199 106.735 7642221
14.1996 0.116392 106.894 1406568
14.2067 0.11645 106.904 3898145
14.4051 0.118076 107.63 5574387
14.484 0.118723 108.053 4104874
14.5172 0.118996 108.271 1290252
15.4454 0.126603 109.326 4672439
15.6127 0.127975 109.443 5006377
15.6631 0.128388 109.874 3957254
15.7583 0.129169 109.975 7632017
15.7889 0.129419 110.156 5680002
15.8498 0.129919 110.188 4672723
19.395 0.158978 110.606 3897603
19.4318 0.159279 110.65 5489673
22.2518 0.182395 110.684 4572376
22.2658 0.182509 110.752 4858012
22.2738 0.182575 110.983 5431604
22.3458 0.183165 111.203 4182726
22.3738 0.183394 111.631 6495933
22.9802 0.188365 112.207 5910133
22.9979 0.18851 112.594 7544913
23.1139 0.189461 112.97 622069
23.1289 0.189584 113.277 3957021
23.1372 0.189652 113.581 5354190
23.228 0.190396 113.726 4178895
23.2454 0.190539 113.808 5432866
26.6097 0.218116 113.85 5574486
26.7565 0.219319 114.274 3896279
28.9125 0.236991 114.387 4771304
28.9339 0.237167 114.532 3897134
28.9464 0.237269 114.744 3849434
29.044 0.238069 115.314 3895884
29.1718 0.239117 115.447 1762207
29.227 0.239569 115.916 3872970
29.2771 0.239979 116.18 3902840
29.4351 0.241274 116.225 7632125
30.1081 0.246791 116.419 6849743
30.8253 0.25267 116.609 730981
30.9109 0.253372 117.41 5574409
30.9174 0.253425 117.474 3060941
31.3257 0.256772 118.134 5433239
31.3796 0.257213 118.284 4174215
31.3997 0.257378 118.719 4354294
31.6339 0.259298 118.724 3959218
31.67 0.259594 118.967 5567465
33.0929 0.271257 119.054 5433212
33.214 0.272249 119.06 5432841
33.5105 0.27468 119.105 4856059
33.5128 0.274699 119.187 5680327
33.5309 0.274847 119.252 6765012
33.5549 0.275044 119.385 5943825
33.5953 0.275375 119.824 5679803
34.6199 0.283774 119.827 5680234
34.6237 0.283805 120.356 3739346
34.6336 0.283886 120.591 3890632
34.7615 0.284935 120.746 4177263
34.8334 0.285524 120.863 5353992
35.3442 0.289711 121.189 4771846
35.4182 0.290317 121.389 16991
35.4358 0.290462 122.082 3386551
36.107 0.295963 122.083 5574732
36.5903 0.299925 122.183 4104620
36.6001 0.300005 122.184 3898412
37.1544 0.304549 122.298 3897801
37.3693 0.306311 122.568 5680005
37.3825 0.306418 122.632 954410
37.3946 0.306517 122.889 1787714
37.4093 0.306638 123.082 4771801
37.633 0.308471 123.121 4175479
37.6773 0.308835 123.185 5573928
37.7484 0.309417 123.239 3232044
38.362 0.314447 123.292 4855689
38.3876 0.314657 123.323 4772228
38.3935 0.314705 123.583 3232155
38.4355 0.31505 123.631 7723693
38.5766 0.316206 123.942 6479348
38.6604 0.316893 124.036 5163788
38.6982 0.317203 124.098 1602676
41.1524 0.33732 124.171 4104133
41.2988 0.33852 124.4 6352497
41.3581 0.339006 124.528 7631185
41.3922 0.339285 124.572 3231352
42.7155 0.350132 124.771 1532774
42.7902 0.350744 124.847 6850813
42.8038 0.350856 124.97 4277824
42.9919 0.352398 125.089 5432698
43.0188 0.352618 125.17 5011633
43.0529 0.352898 125.546 6764521
43.1213 0.353458 126.085 3897650
43.1482 0.353679 126.172 3896496
43.1637 0.353806 126.19 55359
43.1828 0.353963 126.454 3957376
43.33 0.355169 126.571 4276684
43.3519 0.355349 126.971 5573497
44.0577 0.361134 127.133 812361
44.0712 0.361244 127.141 6849657
44.2095 0.362378 127.418 3658584
44.4349 0.364225 127.451 5565405
44.4518 0.364364 127.613 4523609
45.3298 0.371561 128.163 2117767
45.3421 0.371662 128.334 4770871
45.4763 0.372762 128.786 4864300
45.4938 0.372905 129.298 6457475
45.782 0.375268 129.309 4861597
45.7919 0.375349 129.31 6849974
46.0953 0.377836 129.433 6959402
46.1304 0.378123 129.723 3231287
46.1481 0.378269 129.762 5680322
46.8025 0.383633 130.152 3955600
46.8206 0.383781 130.191 3740466
46.8769 0.384243 130.266 7461971
47.4738 0.389135 130.281 5432069
47.5103 0.389434 130.311 3901266
47.5438 0.389709 130.607 4278132
47.5514 0.389771 130.714 5544949
47.5624 0.389861 130.759 5219513
47.6899 0.390906 130.769 4175173
47.7144 0.391107 131.133 4103834
47.7496 0.391396 131.179 4276948
47.8916 0.392559 131.266 5680127
48.1219 0.394448 131.521 4182371
48.2001 0.395088 131.872 7330665
48.4851 0.397424 132.306 2117786
48.5114 0.39764 132.452 2382004
48.9313 0.401082 132.93 7632286
50.0658 0.410381 132.967 4179434
50.2161 0.411613 133.032 3896739
50.2519 0.411907 133.098 4175522
50.3482 0.412696 133.123 7030731
50.3598 0.412791 133.286 4355400
50.3698 0.412873 133.366 6559114
50.5697 0.414512 133.511 4774896
50.5954 0.414723 133.777 7887338
50.7126 0.415683 133.859 3229962
50.7345 0.415862 133.93 5574430
50.7415 0.41592 134.34 5432188
50.7573 0.41605 134.516 664403
50.785 0.416276 134.684 6765344
50.7998 0.416398 135.436 5431563
50.8587 0.41688 135.892 7632120
50.8713 0.416984 135.96 4276230
51.271 0.42026 136.02 3544219
51.3649 0.421029 136.673 5345878
51.3912 0.421245 136.972 3898627
51.4783 0.42196 137.007 5574411
51.6329 0.423227 137.215 4175701
51.648 0.42335 137.306 3277464
51.7235 0.423969 137.429 6994587
51.7382 0.42409 137.656 4854631
51.8377 0.424906 138.174 6849951
51.8718 0.425185 138.301 4175278
52.3692 0.429262 138.605 3900481
52.4014 0.429526 138.901 3897129
52.5245 0.430534 139.008 6850391
52.5995 0.431149 139.019 4184116
52.6758 0.431775 139.107 3939867
52.8174 0.432936 139.131 3896668
52.912 0.433712 139.403 4018808
53.4001 0.437712 139.472 6767441
53.4335 0.437986 139.587 5433448
53.8171 0.44113 139.822 4771778
53.8631 0.441507 139.863 3235711
53.9362 0.442106 139.917 3306534
54.3498 0.445497 140.047 3898118
54.4656 0.446445 140.375 4172832
54.5937 0.447496 140.61 5680293
54.6205 0.447716 140.813 4175687
54.6431 0.4479 141.195 7550729
54.6644 0.448076 142.99 4182803
54.7209 0.448538 143.356 7645429
54.7452 0.448738 143.966 31160
54.7646 0.448896 144.073 3231719
54.8396 0.449511 144.832 4104166
55.0575 0.451297 145.067 620058
55.1046 0.451683 145.294 4275950
55.1587 0.452127 145.69 6767428
55.173 0.452244 145.742 5574414
55.2636 0.452987 146.023 5432643
55.7807 0.457225 146.136 4174812
55.7865 0.457273 146.172 3414686
55.8463 0.457763 146.252 3232847
55.8713 0.457968 146.644 5431826
55.919 0.458359 146.879 5347116
55.9532 0.458639 147.739 5679849
55.9653 0.458738 148.057 4275529
56.1449 0.460211 148.059 6996395
56.2036 0.460692 148.128 4391372
56.2372 0.460968 148.534 5944033
56.2651 0.461196 148.739 5953996
56.2977 0.461463 148.929 3842908
56.31 0.461564 149.143 4665716
56.5918 0.463874 149.197 3231460
56.6074 0.464002 149.766 3897700
56.6382 0.464254 149.817 6850109
56.8845 0.466273 149.833 7258310
57.0533 0.467657 150.054 7546008
57.0937 0.467988 150.1 6849956
57.1167 0.468176 150.216 5680294
57.1503 0.468452 150.408 4178216
57.2 0.468859 150.482 4175319
57.2589 0.469342 150.557 5431724
57.5044 0.471354 150.651 4183365
57.7118 0.473054 150.869 4175281
57.7373 0.473263 151.016 3231444
57.7778 0.473596 151.735 5691933
57.7858 0.473661 152.201 224553
57.8095 0.473855 152.726 4669270
57.8248 0.47398 152.837 1684955
57.9029 0.47462 153.047 3957306
58.002 0.475433 153.097 3945292
58.0295 0.475658 153.609 5682858
58.0498 0.475825 153.667 4183363
58.0666 0.475962 154.25 3231800
58.1781 0.476876 154.35 5765269
58.2058 0.477104 154.384 6939639
58.2152 0.47718 154.423 3770287
58.4162 0.478829 154.561 4771936
58.4365 0.478995 154.645 1851124
58.4913 0.479444 155.185 6850390
58.5494 0.47992 155.561 7654296
58.6842 0.481025 157.321 5574480
58.721 0.481327 157.337 5680101
58.7387 0.481472 157.515 3898433
58.7783 0.481796 158.509 4104639
58.8705 0.482552 159.01 621345
58.8863 0.482682 159.121 3734185
58.9004 0.482797 159.319 665112
58.9093 0.48287 160.401 4752296
59.0543 0.484059 160.804 5433851
59.0775 0.484248 160.892 1999971
59.0946 0.484389 161.3 7532430
59.1176 0.484577 161.485 4175699
59.1323 0.484698 162.06 3890408
59.2157 0.485381 162.5 5431925
59.2244 0.485453 162.851 4184201
59.3279 0.486301 163.009 4181649
59.3368 0.486374 163.799 3894293
59.3875 0.48679 164.099 4862410
59.4173 0.487034 164.263 4184021
59.4278 0.48712 164.387 4776666
59.6555 0.488987 164.572 5433854
59.688 0.489253 165.153 5432267
59.7465 0.489733 165.174 4776851
59.9233 0.491181 165.278 3899450
59.9386 0.491307 165.331 2040145
59.9725 0.491585 165.492 5574558
59.9936 0.491758 166.712 7820300
60.0113 0.491903 167.246 7151496
60.0194 0.491969 167.488 3232055
60.048 0.492203 167.887 3957048
60.0809 0.492474 167.986 5691415
60.0984 0.492617 168.522 3897830
60.1695 0.4932 168.885 3891720
60.193 0.493392 169.247 7425878
60.8047 0.498406 169.613 3770290
60.8202 0.498533 169.724 4183948
60.8618 0.498874 169.758 6842996
60.8745 0.498978 169.793 2348343
60.9196 0.499348 170.062 3901501
60.9671 0.499738 170.116 6849967
60.9818 0.499858 170.286 5349236
60.9976 0.499988 170.988 4671703
61.005 0.500048 171.084 3956768
61.0446 0.500373 171.495 663933
61.0841 0.500696 172.242 5680285
61.1037 0.500857 172.795 7631892
61.141 0.501163 173.364 5432134
61.1995 0.501642 173.642 3845793
61.2123 0.501747 173.913 6850132
61.2656 0.502184 175.743 6237667
63.5085 0.520569 176.166 3885736
63.5178 0.520645 176.361 7517598
63.5368 0.520801 176.773 4181977
63.5848 0.521194 176.906 3908534
63.6017 0.521333 177.697 3739825
63.6181 0.521467 177.769 7459964
63.6302 0.521567 178.256 145276
63.6511 0.521738 178.969 2010537
63.6951 0.522098 179.339 6406378
68.77 0.563697 179.405 1489586
68.8253 0.56415 179.636 5007663
68.8441 0.564304 180.144 1722736
68.8603 0.564437 180.425 6140986
68.8861 0.564648 180.474 7645678
68.924 0.564959 180.853 3740915
68.9921 0.565517 181.255 3740103
69.0011 0.565591 181.462 5012278
69.0347 0.565866 181.55 4323035
69.0479 0.565975 181.671 7601246
69.0642 0.566108 182.174 7323268
69.0816 0.566251 182.202 101715
69.0916 0.566333 182.561 1939100
70.3268 0.576457 182.706 3770369
70.3552 0.57669 182.845 1276611
70.3766 0.576865 182.984 2497073
70.3836 0.576923 183.29 3740584
73.2246 0.60021 183.824 3908604
73.2347 0.600293 183.91 4771429
76.8596 0.630006 184.235 1490579
76.9093 0.630413 184.263 3740591
76.9279 0.630566 184.77 1909766
76.9522 0.630765 185.339 2002794
76.9599 0.630828 185.361 3899099
78.5576 0.643924 185.64 3769928
78.5734 0.644053 185.671 1531434
78.5802 0.644109 185.79 2109995
78.5908 0.644196 185.933 140559
78.6458 0.644647 186.23 1725567
79.7522 0.653716 186.358 6349190
79.7676 0.653842 186.848 880374
79.7839 0.653976 186.926 7150627
79.9934 0.655693 187.06 4613129
80.0156 0.655875 187.33 4006159
80.0294 0.655988 187.611 5943524
80.0792 0.656396 187.798 6273149
80.0897 0.656482 188.083 4175698
80.1383 0.65688 188.088 3769526
80.1529 0.657001 188.602 3739933
82.2454 0.674152 188.627 119521
82.2688 0.674344 189.234 3740798
82.2959 0.674566 189.381 7426435
82.4178 0.675566 189.675 3908223
82.4459 0.675796 189.932 3896349
82.4581 0.675896 190.375 2510559
82.4709 0.676 190.524 4277608
82.4826 0.676096 192.7 7533592
83.4314 0.683874 192.801 3740560
83.4541 0.68406 193.067 4177230
83.4692 0.684184 194.372 6888089
83.5715 0.685022 195.867 5694972
83.5954 0.685218 195.991 2001567
83.6459 0.685632 196.087 1906692
85.1071 0.697609 196.284 1489573
85.1555 0.698006 196.812 3739205
85.1836 0.698236 196.852 6272998
85.2239 0.698566 196.874 441812
86.2403 0.706898 196.947 2058078
86.2687 0.70713 197.002 6763953
87.841 0.720019 197.093 3770297
88.2492 0.723364 197.643 3887416
88.2779 0.7236 197.659 2747045
88.3684 0.724341 197.672 2001836
88.3953 0.724562 197.768 5193417
88.4271 0.724823 198.616 1968212
88.723 0.727248 198.681 1849242
90.7843 0.744144 198.696 3907977
91.3897 0.749107 199.066 3770237
91.394 0.749142 199.336 1665001
91.4463 0.74957 199.384 3740697
91.4562 0.749652 199.436 3739704
91.5553 0.750464 199.648 5655967
91.5665 0.750556 199.685 3891721
91.5809 0.750674 199.916 3736054
91.5916 0.750761 200.621 1850508
91.5981 0.750815 200.844 3230932
91.6132 0.750939 201.013 387538
91.6375 0.751138 201.323 3990806
91.7274 0.751874 201.346 5357928
92.6248 0.75923 201.513 4190110
92.6312 0.759283 201.577 7515765
92.724 0.760044 201.905 1916008
92.7492 0.76025 202.043 5680506
92.7811 0.760512 202.241 3770980
95.1328 0.779788 202.594 1971059
95.1385 0.779835 203.071 5349185
95.1503 0.779931 203.349 7483831
95.2376 0.780648 203.403 7534057
95.2889 0.781068 203.581 4574203
95.6903 0.784358 203.818 7516542
95.7456 0.784811 203.922 3908476
95.8524 0.785687 204.347 3850063
96.5233 0.791186 204.51 7117306
96.5359 0.791289 204.789 1785460
96.5602 0.791489 204.848 4191715
97.1599 0.796404 204.991 3908886
97.4622 0.798882 205.073 3769989
97.478 0.799011 206.123 3231558
97.5195 0.799352 206.153 3986266
97.9919 0.803224 206.408 1489446
100.126 0.820719 206.492 4119615
100.172 0.821093 206.863 1343334
100.176 0.821124 208.012 3192809
100.243 0.821675 208.47 64304
101.22 0.829681 208.702 1845252
101.237 0.829825 208.727 3740345
101.344 0.830696 208.994 722530
101.367 0.830887 209.484 4355721
101.477 0.831791 209.568 1186647
101.54 0.832303 210.874 3897198
101.571 0.832558 211.029 4180863
101.588 0.832698 211.301 4576642
101.595 0.83276 211.335 2058249
101.609 0.832874 211.342 4771209
101.696 0.833586 211.723 1725065
101.737 0.833919 211.901 3906471
102.127 0.837123 212.026 8018025
102.15 0.837305 212.24 1999743
102.247 0.838106 212.476 4736421
102.281 0.838381 212.519 3885023
102.396 0.839327 212.744 1537852
102.422 0.839539 212.859 4733879
102.448 0.839749 213.172 1580842
102.502 0.840195 213.212 7572300
103.032 0.84454 213.949 6303565
103.088 0.844997 214.139 1723946
103.121 0.84527 214.685 1578023
103.129 0.845332 214.886 4575100
103.178 0.845734 214.924 3770654
103.201 0.845923 215.073 1999865
103.989 0.852377 215.26 3771053
104.004 0.852506 216.03 44677
104.157 0.853757 216.31 4820325
104.18 0.853943 217.345 4488543
104.191 0.854036 217.478 2058113
104.447 0.856134 217.507 6139137
104.462 0.856256 218.356 2117768
105.251 0.862726 218.617 3908336
105.324 0.863328 218.755 88046
105.73 0.86665 218.845 7454084
105.97 0.868621 219.256 7771098
105.978 0.868687 219.604 1665291
106.028 0.869094 219.682 4708573
106.237 0.87081 219.743 5225803
106.295 0.871282 219.837 2043519
106.307 0.87138 220.321 6312171
106.357 0.871791 220.407 7385948
106.37 0.8719 220.68 1999979
106.382 0.871997 221.03 1907879
106.411 0.872236 221.336 1424264
106.427 0.872368 221.515 3889817
106.573 0.873558 221.879 4191042
106.713 0.874707 221.933 1023166
106.719 0.874757 222.253 6400762
106.783 0.875287 222.628 1971021
106.803 0.875445 223.166 7484378
106.919 0.876395 223.668 3740515
107.563 0.881678 224.039 1906816
107.943 0.884792 224.191 3848579
108.26 0.887389 224.236 5656262
108.502 0.889377 224.781 4193088
109.274 0.8957 224.835 2258306
109.35 0.896321 224.972 1999721
109.396 0.896702 225.093 1908356
109.872 0.900601 225.263 4191400
109.88 0.900671 225.63 3741142
109.931 0.901084 225.772 7119455
110.26 0.903784 226.181 6407459
110.336 0.904409 226.546 6581883
110.392 0.904864 226.58 7770793
110.672 0.907157 226.785 2001445
110.706 0.907438 226.932 7284304
110.797 0.908184 227.147 4704459
111.553 0.914384 228.423 3907880
111.581 0.914609 228.469 64293
111.634 0.915042 228.743 4187445
111.72 0.915749 228.77 243143
111.763 0.916101 229.128 4224241
111.807 0.916467 229.465 1906075
112.048 0.918437 230.909 3770299
112.116 0.918997 231.017 3740202
112.304 0.920537 231.39 4120187
112.341 0.920839 231.47 3908112
112.683 0.923644 231.608 3891560
112.693 0.923725 231.966 3231553
112.714 0.923898 232.748 4067521
113.269 0.928447 233.026 3908793
113.296 0.928669 233.127 3740588
113.459 0.930007 233.298 4191889
113.474 0.93013 233.369 3772602
113.715 0.9321 233.712 7510561
113.734 0.932261 233.831 3740761
113.992 0.934372 234.237 7116870
114.05 0.934846 234.709 4192456
114.065 0.934971 235.468 6273148
114.12 0.935427 235.588 3739209
114.322 0.937079 236.347 1490740
114.36 0.937394 237.095 6849428
114.406 0.937771 237.124 1370038
114.43 0.937961 237.442 3740610
114.445 0.938085 237.552 1425032
114.861 0.941493 237.579 187198
114.934 0.942096 237.734 1789279
115.161 0.943958 238.274 3770281
115.185 0.944152 238.472 6741421
115.22 0.944442 238.668 4120133
115.229 0.944511 238.912 5434462
115.339 0.945417 239.326 3771048
115.443 0.946264 239.376 3841015
115.457 0.946379 239.399 3740615
115.577 0.947365 239.447 3740916
115.595 0.947516 239.686 1786326
115.602 0.947569 239.809 6246756
115.889 0.949923 240.051 3908885
115.903 0.950042 240.139 3740729
115.913 0.950122 240.449 3232229
116.134 0.95193 240.707 224615
116.185 0.952351 240.734 3512198
116.192 0.95241 241.422 6742012
116.284 0.95316 241.742 2044269
116.373 0.95389 242.317 3907672
116.49 0.954853 242.465 7318278
116.53 0.955174 242.859 1276520
116.633 0.956024 243.004 1490106
116.643 0.956105 243.088 4355529
116.821 0.957559 243.294 4126023
116.861 0.957889 244.294 7453753
116.897 0.958187 244.862 7482441
116.914 0.958328 245.901 3986467
117.085 0.959727 246.36 1851220
117.099 0.959841 247.276 1907592
117.203 0.960695 248.247 3770086
117.227 0.960892 248.77 3844366
117.271 0.961255 249.064 3908602
117.28 0.961325 249.089 1908538
117.359 0.961976 249.348 3052978
117.375 0.962107 250.322 2900841
117.459 0.962791 250.362 2001401
117.496 0.963096 250.569 1815484
117.508 0.963194 250.57 3886738
117.535 0.963415 250.965 3052062
117.539 0.963447 253.411 4174368
117.667 0.964497 253.453 3770109
117.693 0.964708 253.522 3740872
117.714 0.964883 253.751 1580110
117.725 0.964973 254.782 6849755
117.746 0.965148 255.951 3986520
117.778 0.965409 256.732 4787898
117.797 0.965563 256.81 3929005
117.81 0.965672 256.86 4121425
117.842 0.965928 257.143 7531650
117.94 0.966731 258.05 1370037
117.951 0.966823 258.075 7334398
117.966 0.966945 258.398 4347997
117.98 0.967065 258.745 3055875
118.026 0.967441 258.959 6513834
118.089 0.967954 259.482 7602085
118.103 0.968069 260.368 3740871
118.181 0.968709 260.599 3907870
118.202 0.96888 260.681 3740590
118.281 0.969527 260.992 2508599
118.291 0.969614 261.009 3740295
118.313 0.969791 261.105 6850133
118.343 0.97004 261.124 4187796
118.359 0.970173 261.921 3859331
118.382 0.970361 262.02 1967832
118.406 0.970553 262.385 2058356
118.423 0.970697 262.843 3986646
118.434 0.970781 262.957 1789409
118.465 0.971036 263.262 7284038
118.506 0.971373 264.048 3885098
118.525 0.971527 264.217 1498877
118.534 0.971607 264.36 1915646
118.565 0.971859 264.499 4535986
118.585 0.972021 264.636 1971060
118.615 0.972268 264.758 7810871
118.677 0.972775 265.93 6748188
118.837 0.974092 266.04 2109630
118.94 0.97493 266.274 3885611
119.271 0.977643 266.897 3908338
119.284 0.977755 267.289 7801708
119.318 0.978032 267.846 4068981
119.375 0.978495 267.973 3739129
119.463 0.979218 268.96 3885594
119.493 0.979467 269.325 1916941
119.552 0.979951 269.709 7037130
119.563 0.98004 270.063 5433447
119.611 0.980429 270.22 3740717
119.617 0.980484 270.437 3229921
119.674 0.980945 271.38 7324622
119.766 0.981701 272.001 4070526
119.81 0.982061 273.153 4123851
119.88 0.982641 274.12 3906749
119.894 0.982752 274.688 1913649
119.939 0.983117 275.103 3843780
119.951 0.983219 275.191 1908070
119.954 0.983247 275.195 5680320
119.968 0.983359 275.604 3899012
120.029 0.983858 276.93 324376
120.064 0.984146 277.151 1790112
120.084 0.984307 277.323 6404528
120.105 0.984482 277.882 3767932
120.113 0.98455 278.862 3739877
120.143 0.984792 279.363 197007
120.164 0.984966 279.509 3740191
120.25 0.985671 281.001 1136465
120.286 0.985962 281.793 4174766
120.304 0.986109 283.283 3885379
120.331 0.986335 283.909 3893340
120.426 0.987114 285.336 7344392
120.452 0.987329 285.779 3740716
120.47 0.987474 285.892 3840698
120.479 0.987545 286.091 3740504
120.496 0.987689 287.603 737863
120.554 0.988165 288.161 1967731
120.698 0.989342 289.625 2001436
120.718 0.989507 289.884 3280360
120.732 0.989622 290.64 7524148
120.76 0.989852 290.934 2059684
120.792 0.990112 292.492 5985849
120.801 0.990187 292.813 5656718
120.855 0.990631 293.284 3740236
120.933 0.991269 294.037 224938
121.001 0.991822 294.053 7264220
121.061 0.992318 298.393 1723945
121.068 0.992376 299.624 3890185
121.103 0.992664 300.331 1914897
121.11 0.992723 303.008 6273992
121.149 0.993043 304.385 6139762
121.16 0.993126 306.057 1915942
121.219 0.993612 307.902 3986197
121.271 0.994038 312.361 3768349
121.298 0.99426 313.296 7517412
121.336 0.994568 313.491 3055950
121.367 0.994822 314.083 3690051
121.412 0.995197 314.8 6408452
121.426 0.995306 318.088 197820
121.507 0.99597 319.508 3861037
121.533 0.99619 320.534 3930397
121.544 0.996279 323.402 7179580
121.55 0.996329 324.042 5571553
121.572 0.996503 324.804 4068350
121.585 0.996615 324.87 4189444
121.596 0.996704 324.963 7771219
121.609 0.99681 330.075 1723249
121.626 0.996946 332.618 229982
121.651 0.997156 333.808 2381082
121.703 0.997581 333.898 4574986
121.708 0.997623 335.039 3740479
121.738 0.997865 339.188 1916755
121.75 0.997964 340.523 3739814
121.763 0.998073 341.483 5453601
121.766 0.998093 344.425 6102373
121.783 0.998234 348.113 1118931
121.789 0.998287 348.45 3895621
121.797 0.998354 349.168 2041363
121.817 0.998512 350.142 3987447
121.841 0.998708 359.281 3772115
121.856 0.998838 366.483 3907996
121.876 0.998995 375.961 4827683
121.884 0.999061 388.589 3740636
121.891 0.999118 389.527 62550
121.903 0.999217 394.003 1722690
121.915 0.999315 395.303 1999942
121.945 0.999564 399.167 3740344
121.968 0.999754 407.262 3849579
121.976 0.999814 431.746 3851203
121.99 0.999936 466.628 68164
121.998 1 477.322 2086185
