Unknown 4 358 358 358 358 float/unsigned
CumulativeMeasure | CDF | Dose | TetraID
0.00230821 7.24256e-05 0 2757686
0.00327787 0.000102851 0 3452660
0.00505041 0.000158469 0 3452665
0.00657033 0.00020616 0 2758947
0.00740149 0.000232239 0 3452700
0.00858532 0.000269385 0 3452708
0.00991384 0.00031107 0 3452736
0.0134893 0.00042326 0 3452739
0.0144399 0.000453086 0 3452900
0.0154352 0.000484316 0 3452901
0.0159832 0.000501512 0 2758566
0.0172984 0.00054278 0 3452917
0.0181937 0.000570869 0 2758384
0.0245941 0.000771697 0 2758365
0.0260069 0.000816028 0 2758133
0.0268608 0.000842822 0 3453016
0.0280701 0.000880766 0 3452655
0.0282975 0.0008879 0 2757642
0.0288742 0.000905998 0 2757641
0.0300617 0.000943259 0 3453123
0.0375354 0.00117776 0 3453284
0.0397449 0.00124709 0 3453294
0.0410514 0.00128808 0 3453303
0.0426373 0.00133785 0 2757364
0.0470249 0.00147552 0 3453404
0.047463 0.00148926 0 2757061
0.0480152 0.00150659 0 2757053
0.0483169 0.00151606 0 3453466
0.0509194 0.00159772 0 3453467
0.0519503 0.00163006 0 3453493
0.0523301 0.00164198 0 3453624
0.0529046 0.00166001 0 3020249
0.0534853 0.00167823 0 2873184
0.0557982 0.0017508 0 2915189
0.0575621 0.00180615 0 2863295
0.0586754 0.00184108 0 2924099
0.0604733 0.0018975 0 3015446
0.0623489 0.00195634 0 2862334
0.0638893 0.00200468 0 2861292
0.0649664 0.00203848 0 3016287
0.0654185 0.00205266 0 3017174
0.0695908 0.00218358 0 2860340
0.0716423 0.00224795 0 2859931
0.0720706 0.00226139 0 3017184
0.0724316 0.00227271 0 2761021
0.0734301 0.00230404 0 3017601
0.0738926 0.00231856 0 3017795
0.0750156 0.00235379 0 3453444
0.0761061 0.00238801 0 3179007
0.0768733 0.00241208 0 2760256
0.0818733 0.00256897 0 2760241
0.0841789 0.00264132 0 3180264
0.0851414 0.00267151 0 2760133
0.0872823 0.00273869 0 3287317
0.089927 0.00282167 0 3450932
0.092279 0.00289548 0 3451495
0.0937283 0.00294095 0 1498
0.0945219 0.00296585 0 3452094
0.0947418 0.00297275 0 2759291
0.0983122 0.00308478 0 2759287
0.0991601 0.00311139 0 3452580
0.100564 0.00315543 0 3452626
0.101521 0.00318545 0 3821186
0.101645 0.00318936 0 3820222
0.106346 0.00333686 0 2260622
0.107198 0.0033636 0 3820705
0.107528 0.00337395 0 3820805
0.110357 0.00346271 0 3821047
0.111007 0.00348309 0 2673399
0.111557 0.00350035 0 2197624
0.11262 0.00353372 0 2172188
0.113574 0.00356366 0 3821071
0.114315 0.00358692 0 1632745
0.115372 0.00362006 0 1563355
0.116468 0.00365445 0 1404501
0.117796 0.00369612 0 3821079
0.123786 0.00388409 0 3821100
0.124577 0.00390889 0 3821110
0.126584 0.00397187 0 3821062
0.133269 0.00418162 0 3821265
0.138587 0.00434851 0 545350
0.139651 0.00438189 0 3821334
0.140301 0.00440227 0 495985
0.140781 0.00441734 0 3821456
0.141336 0.00443475 0 3821460
0.141562 0.00444185 0 3821635
0.14245 0.00446971 0 328130
0.144916 0.00454707 0 3822116
0.145118 0.00455341 0 3822600
0.145481 0.0045648 0 160553
0.147696 0.00463432 0 6423114
0.152624 0.00478895 0 44928
0.152966 0.00479968 0 33882
0.154084 0.00483476 0 25993
0.154803 0.00485731 0 3679218
0.156467 0.00490954 0 3453625
0.15992 0.00501787 0 3453650
0.160945 0.00505005 0 2671805
0.163126 0.00511847 0 3453661
0.166171 0.005214 0 3453746
0.169971 0.00533324 0 3453789
0.173871 0.00545563 0 2670521
0.174478 0.00547465 0 3453846
0.177954 0.00558373 0 2670230
0.178565 0.00560289 0 3453907
0.179853 0.00564333 0 3453909
0.180755 0.00567163 0 3453932
0.182479 0.0057257 0 3454041
0.184225 0.00578049 0 3454138
0.18578 0.00582929 0 3454085
0.186366 0.00584769 0 3454074
0.186911 0.00586479 0 3454072
0.192613 0.0060437 0.0224317 3452754
0.19497 0.00611765 0.0438637 3453135
0.198216 0.0062195 0.0511917 2664990
0.203931 0.00639883 0.0568405 2757744
0.208298 0.00653583 0.0618021 3453643
0.213914 0.00671207 0.0659241 4021755
0.218149 0.00684493 0.0929075 3453725
0.219783 0.00689622 0.112743 3821094
0.222191 0.00697176 0.123205 3451749
0.229606 0.00720443 0.135278 2760367
0.238299 0.0074772 0.143281 3289979
0.243158 0.00762967 0.169772 2758811
0.246457 0.00773319 0.184916 159762
0.261475 0.00820441 0.204188 2756991
0.264968 0.00831402 0.311194 3454203
0.273662 0.0085868 0.351911 3452956
0.279771 0.00877848 0.374434 3452355
0.288982 0.0090675 0.475557 3453826
0.296113 0.00929125 0.510637 3821096
0.300078 0.00941567 0.516411 2760465
0.3068 0.00962657 0.538143 3821093
0.313874 0.00984856 0.687561 2758522
0.3144 0.00986505 0.730305 2757597
0.316881 0.00994289 0.737094 4594878
0.31901 0.0100097 0.88269 3015450
0.320375 0.0100525 0.902463 3453036
0.325934 0.010227 0.908095 174300
0.328808 0.0103171 0.921209 3451815
0.335702 0.0105335 0.925143 3450180
0.33868 0.0106269 0.990914 3453026
0.343375 0.0107742 1.01376 3453727
0.356544 0.0111874 1.13954 2259897
0.359531 0.0112811 1.32382 3452979
0.376993 0.0118291 1.36692 328202
0.383048 0.012019 1.3897 567986
0.390753 0.0122608 1.44059 2672854
0.39153 0.0122852 1.53801 2672470
0.414968 0.0130206 1.69942 5081263
0.4303 0.0135017 1.71447 3453166
0.445055 0.0139647 1.71673 2669294
0.469213 0.0147227 1.84976 2756491
0.471711 0.0148011 1.96654 3821083
0.472808 0.0148355 2.23948 3820955
0.50084 0.015715 2.82031 2861128
0.502132 0.0157556 2.85415 3451753
0.514456 0.0161423 2.95866 2757417
0.518266 0.0162618 2.97036 6909450
0.521455 0.0163619 2.98988 3453479
0.532047 0.0166942 3.01456 2757623
0.534239 0.016763 3.11712 2759756
0.535365 0.0167984 3.49782 384277
0.5423 0.017016 4.1991 2261801
0.563152 0.0176702 4.20915 2669739
0.571827 0.0179425 4.4128 2869964
0.587633 0.0184384 4.41763 6201461
0.60311 0.018924 5.04956 495964
0.612952 0.0192328 5.09222 2759083
0.613816 0.01926 5.14824 6617723
0.622569 0.0195346 5.16105 2759286
0.660379 0.020721 5.38409 2760427
0.678265 0.0212822 5.56406 2670468
0.690943 0.02168 5.95962 2375968
0.7227 0.0226764 6.27601 3820572
0.727143 0.0228158 6.44703 3821393
0.729765 0.0228981 6.57294 3450644
4.7406 0.148748 6.76054 7480083
4.74943 0.149025 6.82988 573271
4.75436 0.149179 6.84758 567202
4.79164 0.150349 6.94997 3453290
4.79978 0.150605 7.43039 6735272
4.81575 0.151106 7.52616 3821088
4.83489 0.151706 7.5331 3454084
4.8418 0.151923 7.55818 1949560
4.8438 0.151986 7.71894 3453492
4.85578 0.152362 8.17836 3451100
4.85699 0.1524 8.28143 2862894
4.8863 0.153319 8.51273 3821031
4.88833 0.153383 8.61248 2670777
4.89501 0.153593 8.84925 3453632
4.90801 0.154001 9.29668 2673740
4.92248 0.154455 9.48513 2673432
4.93385 0.154811 9.53211 2758990
5.06216 0.158837 9.68539 3451860
5.07488 0.159237 9.70113 3452376
5.11128 0.160378 9.72171 2758261
5.11196 0.1604 9.72453 3453838
5.21501 0.163633 10.4666 3453885
5.21869 0.163749 10.4722 2759598
5.22365 0.163904 10.8742 2757689
5.23323 0.164205 10.9237 3821101
5.24075 0.164441 11.3341 3452871
5.25295 0.164824 11.3555 2671233
5.2581 0.164985 11.4161 174346
5.29256 0.166067 11.6509 3453186
5.31307 0.16671 11.7696 2760424
5.32485 0.16708 11.953 2870088
5.3886 0.16908 12.1 3821544
5.41015 0.169756 12.1275 3821030
5.44981 0.171001 12.3518 6200460
5.49346 0.17237 12.3866 2670929
5.50089 0.172603 12.5242 3452690
5.53085 0.173544 12.8678 2758580
5.53466 0.173663 13.4394 3452648
5.55243 0.174221 13.5052 2391320
5.55637 0.174344 13.6834 2758929
5.55747 0.174379 13.7865 2757324
5.58779 0.17533 14.0208 60165
5.63538 0.176824 14.3939 3451962
5.70361 0.178964 14.4385 3821266
5.71041 0.179178 14.597 3453139
5.71474 0.179314 14.9204 2760294
5.72317 0.179578 15.124 3453621
5.76276 0.18082 15.4289 2759142
5.76372 0.180851 15.4759 2505415
5.83046 0.182945 15.692 2860645
5.85146 0.183603 15.8454 3452895
5.88558 0.184674 16.2546 3452910
5.89101 0.184845 16.2816 2760382
5.91612 0.185632 16.4106 6200472
5.96384 0.18713 16.648 6911121
5.96649 0.187213 16.9397 3017610
5.96727 0.187237 17.0326 3453092
6.03526 0.189371 17.1105 2757587
6.06494 0.190302 17.2119 3821052
6.13986 0.192653 17.72 5080855
6.30515 0.197839 17.7995 3453137
6.30712 0.197901 17.8778 2757249
6.34819 0.19919 18.0691 3015451
6.41662 0.201337 18.1101 3453494
6.42047 0.201457 18.4756 3453403
6.42494 0.201598 19.4166 2758588
6.42612 0.201635 19.6336 2862537
6.48393 0.203449 20.2063 2860569
6.49238 0.203714 20.4503 3453267
6.49548 0.203811 20.4506 2759818
6.52799 0.204831 20.528 3020322
6.5661 0.206027 20.8914 2202236
6.5844 0.206601 21.0539 3821097
6.64198 0.208408 21.5576 3453894
6.65361 0.208773 22.0277 3453130
6.6551 0.20882 22.338 2757393
6.67106 0.20932 22.3507 3452278
6.71349 0.210652 22.431 3451384
6.72688 0.211072 22.7092 2669748
6.72797 0.211106 22.8571 3017793
6.73269 0.211254 22.8612 3452914
6.74355 0.211595 23.325 3452504
6.75005 0.211799 23.7861 6992342
6.75183 0.211855 23.842 3453895
6.84342 0.214729 24.3887 3453136
6.84673 0.214832 24.4097 3452172
6.86373 0.215366 24.7741 3023537
6.86858 0.215518 24.963 2256585
6.87287 0.215653 25.1153 3821054
6.9604 0.218399 25.609 2262810
6.96141 0.218431 25.6191 3017048
6.96723 0.218614 26.0522 3453759
6.983 0.219108 26.1147 3452304
7.02524 0.220434 26.2567 6200994
11.0355 0.346265 26.6447 809737
11.0598 0.347028 26.7907 3451207
11.0713 0.347389 27.1022 3453292
11.0851 0.347822 27.1648 2670374
11.091 0.348007 27.3431 173012
11.1204 0.34893 28.7679 2758581
11.1289 0.349196 29.0959 3452629
11.1366 0.349437 29.3741 6733066
11.1423 0.349615 29.4379 3453203
11.1449 0.349699 29.5069 3453495
11.1565 0.350061 29.513 2759805
11.1784 0.350747 29.6573 6736185
11.2 0.351428 30.0187 2756922
11.202 0.351489 31.9478 2758408
11.2134 0.351846 32.488 3452897
11.2508 0.35302 32.5047 3452663
11.2559 0.353182 32.7375 96616
11.2624 0.353385 32.923 3821383
11.2652 0.353474 33.1076 3454126
11.2806 0.353957 33.5696 6736184
11.282 0.354 33.7662 3452884
11.2913 0.354293 33.9314 3453188
11.3143 0.355012 34.1373 3820387
11.3392 0.355793 34.6009 6201540
11.3514 0.356179 34.6917 3821032
11.3522 0.356201 34.9546 3453827
11.3738 0.356881 35.0652 3453022
11.3876 0.357314 35.933 2759653
11.4047 0.357849 36.4302 2758672
11.4277 0.358572 36.8178 3450616
11.4343 0.358779 37.894 5081590
15.4453 0.484633 38.0576 3055858
15.4773 0.485638 38.1635 3452037
15.5037 0.486467 38.3979 3453289
15.5084 0.486612 38.795 3453655
15.5271 0.487199 41.6764 3452036
15.546 0.487793 42.7217 3453592
15.557 0.488139 42.8623 3453668
19.568 0.613992 45.2067 809643
19.5694 0.614037 46.3011 2864001
19.5754 0.614225 46.4766 2669759
19.5768 0.61427 46.8314 4723395
19.6186 0.615581 46.9267 3452812
19.6585 0.616833 47.4485 2575227
19.6936 0.617933 47.8764 3288186
19.6977 0.618063 48.2358 78975
19.7027 0.618218 49.2163 3452482
19.7104 0.618462 50.4608 2671222
19.7289 0.619041 52.2225 2758582
19.7372 0.619301 52.2636 6200222
19.7534 0.619809 52.2937 544820
19.7632 0.620117 54.2631 568410
19.7925 0.621038 54.4872 608054
19.7975 0.621195 55.1464 2757496
19.8081 0.621526 56.0143 3452124
19.8122 0.621656 57.2595 2757471
19.8164 0.621786 62.3339 3453653
19.8193 0.621879 62.8586 3452706
19.8242 0.622032 63.4492 3453217
19.826 0.622088 64.6008 3453664
19.8304 0.622227 64.8506 3017538
19.8336 0.622325 68.7352 3453504
19.8411 0.622563 71.9891 3289503
19.8449 0.622683 75.6452 3453731
19.8541 0.622969 76.1038 2673384
19.8563 0.623038 77.0985 3450547
19.8585 0.623106 78.0704 3453330
19.8682 0.623412 81.4481 2758737
19.873 0.623563 88.6884 2261788
19.8749 0.623623 91.2933 3024286
19.8764 0.623669 95.4593 3451568
19.8767 0.62368 98.5787 3822599
19.8808 0.623806 103.365 6201454
19.8867 0.623992 106.544 2759676
19.893 0.624191 117.9 3453210
23.8313 0.747763 118.189 6072380
23.8351 0.747884 123.51 3453791
23.8367 0.747933 128.039 2820800
23.8379 0.74797 131.352 3453967
27.8488 0.873824 141.864 1221929
27.8504 0.873873 157.431 2759212
27.8524 0.873935 160.24 2760176
27.8547 0.874007 168.899 2202234
27.856 0.874048 187.427 2758966
27.8572 0.874085 266.266 2759726
27.8592 0.87415 267.144 3453631
31.8701 1 1078.15 4075543
