Unknown 4 719 719 719 719 float/unsigned
CumulativeMeasure | CDF | Dose | TetraID
0.0126498 0.000103689 33.3755 3231668
0.0319814 0.000262146 42.5903 3231719
0.0472654 0.000387427 43.044 6850150
0.0531456 0.000435625 53.7389 3232155
0.0614465 0.000503667 54.0722 5354190
0.0749521 0.00061437 55.3969 6849657
0.122044 0.00100038 61.6264 4275950
0.131812 0.00108044 62.5915 3232229
0.16502 0.00135264 65.7544 1290252
0.173167 0.00141942 66.777 3897500
0.189034 0.00154948 69.0521 3377587
0.205792 0.00168684 69.1542 3231800
0.218421 0.00179036 69.3589 4276230
0.233832 0.00191668 69.8152 880374
0.259533 0.00212735 70.8229 7887338
0.283195 0.0023213 70.875 4669270
0.290421 0.00238054 71.6645 6273992
0.298778 0.00244903 72.1382 5434462
0.306457 0.00251197 72.2109 3899099
0.340532 0.00279129 72.6113 4175278
0.350476 0.00287279 73.3516 3231553
0.364413 0.00298704 73.97 4771209
0.379908 0.00311405 73.9885 55359
0.390406 0.0032001 74.6399 5765452
0.41807 0.00342685 75.4683 6765344
0.443601 0.00363612 75.7408 3231444
0.461317 0.00378134 75.7546 5680505
0.476838 0.00390857 77.695 3897366
0.49983 0.00409702 77.8922 5680294
0.506937 0.00415528 79.8988 3898145
0.51672 0.00423547 81.882 3898412
0.528967 0.00433585 83.1498 4770871
0.537502 0.00440582 83.7782 4183919
0.54453 0.00446342 84.1302 5432188
0.568982 0.00466386 84.4505 4103834
0.590887 0.00484341 85.3463 5574430
0.598452 0.00490541 87.1136 4277914
0.608414 0.00498707 87.1323 4355529
0.648755 0.00531774 87.1594 6849956
0.684896 0.00561398 88.0538 5567465
0.745793 0.00611314 88.2262 4672723
0.824707 0.00675999 88.5359 4104874
0.883203 0.00723947 89.2287 4776851
1.00621 0.00824777 89.3577 6850391
1.06973 0.00876837 89.8218 6761450
1.11603 0.00914794 89.9758 98424
1.1376 0.00932472 90.0072 6850133
1.17007 0.00959087 90.0347 5432267
1.18414 0.00970618 90.9757 4183194
1.2056 0.00988212 91.3006 3897134
1.23976 0.0101621 91.456 5679849
1.25989 0.0103271 91.5989 4354294
1.29836 0.0106424 91.8519 6849428
1.31612 0.0107881 92.952 5680322
1.33095 0.0109096 93.041 5431563
1.34649 0.011037 94.3625 3897700
1.36683 0.0112037 94.4607 4183363
4.18688 0.0343192 95.0225 4572376
4.19184 0.0343598 95.3796 4183299
4.21086 0.0345157 95.4222 4181977
7.6611 0.0627968 95.5438 7642221
7.67322 0.0628961 96.3445 145276
7.70682 0.0631716 96.4471 4178216
7.72106 0.0632883 96.9259 5574627
8.01756 0.0657186 97.2838 4856059
8.02392 0.0657708 97.5639 3895621
8.05818 0.0660515 98.222 4670548
8.07553 0.0661938 98.605 4774847
8.20346 0.0672424 98.9579 4177263
8.20588 0.0672622 98.9597 6102373
8.21215 0.0673136 98.9802 4175769
13.2896 0.108933 99.4769 3898379
13.3219 0.109197 100.475 3897129
13.3319 0.109279 100.807 6559114
13.3907 0.109762 100.985 7632120
13.3997 0.109835 101.673 5012278
13.5112 0.110749 101.712 5765269
13.6058 0.111525 101.838 4018808
13.6393 0.111799 102.197 4278132
13.6543 0.111922 102.309 3957021
16.1085 0.132039 102.428 4104133
16.1835 0.132654 103.08 4184116
16.218 0.132936 103.111 4177168
16.268 0.133346 103.151 3902840
16.3124 0.13371 103.216 5573928
16.4574 0.134898 104.093 5433851
16.5294 0.135488 104.392 4182726
16.5682 0.135807 104.407 5682109
16.7959 0.137673 104.707 5433854
16.8094 0.137784 104.751 3897733
16.8372 0.138011 105.284 6939639
16.8712 0.138291 105.471 6764521
17.0723 0.139939 105.482 4771936
18.097 0.148338 106.08 5680234
21.8774 0.179326 106.227 3229793
21.9338 0.179788 106.575 7461971
22.1801 0.181806 106.804 7258310
22.2388 0.182288 106.928 4391372
22.2663 0.182513 107.043 5682858
24.4223 0.200186 107.253 4771304
24.5145 0.200942 107.266 621345
24.5307 0.201074 107.434 4016207
24.5386 0.201139 107.528 2086185
25.4166 0.208336 107.678 2117767
25.4265 0.208417 107.848 6849974
25.5012 0.209029 108.169 6850813
25.9844 0.21299 108.309 4104620
29.5296 0.242049 108.448 3897603
29.5507 0.242222 108.502 4067521
30.2679 0.248101 108.783 730981
30.7559 0.252101 108.844 6767441
30.8124 0.252564 108.886 7645429
30.9627 0.253796 109.011 3896739
30.9856 0.253984 109.089 4175699
31.0119 0.2542 109.697 3804160
31.0206 0.254271 109.941 4184201
31.6342 0.259301 110.554 4855689
31.6492 0.259423 110.564 4347997
31.6608 0.259518 110.593 4355400
31.6877 0.259739 110.597 3896496
32.3935 0.265524 110.945 812361
32.4035 0.265607 110.95 4771429
32.5916 0.267148 111.059 5432698
32.8095 0.268934 111.235 620058
32.8425 0.269204 111.35 5691415
33.0409 0.270831 111.509 5574387
33.0887 0.271222 112.662 5347116
33.0992 0.271309 113.488 140559
33.1062 0.271366 113.567 62550
33.2097 0.272214 113.575 4181649
33.3642 0.273481 113.963 4175701
33.4423 0.274121 114.357 3957306
33.4673 0.274326 114.572 5431826
33.9781 0.278513 114.583 4771846
33.9936 0.27864 114.617 4183948
34.0475 0.279081 114.651 4174215
35.3708 0.289928 114.791 1532774
35.3934 0.290114 114.902 4177230
35.4075 0.29023 115.375 665112
36.0619 0.295594 115.955 3955600
36.3469 0.29793 116.12 2117786
37.275 0.305537 116.147 4672439
37.6586 0.308681 116.176 4771778
41.0229 0.336258 116.238 5574486
41.0336 0.336346 116.441 1850508
41.0479 0.336463 116.647 5574414
41.1862 0.337596 116.78 3658584
41.3334 0.338803 117.164 4276684
41.4064 0.339402 117.213 3306534
41.8263 0.342843 117.537 7632286
41.9605 0.343944 117.998 4864300
42.1842 0.345777 118.97 4175479
42.2395 0.346231 119.322 5007663
42.257 0.346374 119.603 101715
42.5389 0.348684 119.638 3231460
42.7731 0.350604 119.926 3959218
42.8083 0.350893 119.978 4276948
42.9078 0.351709 120.01 6849951
42.9358 0.351937 120.103 6495933
42.9641 0.35217 120.122 6763953
44.0986 0.361469 120.187 4179434
44.1327 0.361748 120.668 3231352
44.2233 0.362491 120.698 5432643
44.7404 0.36673 120.847 4174812
44.7771 0.367031 121.398 5489673
44.8007 0.367224 121.868 1406568
44.8203 0.367385 121.988 7631892
44.8361 0.367514 122.091 664403
44.852 0.367644 122.849 3734185
44.8641 0.367744 122.892 3896640
45.2638 0.37102 122.929 3544219
45.359 0.3718 123.065 7632017
45.4087 0.372208 123.18 4175319
45.5368 0.373258 123.435 5680293
45.624 0.373972 123.477 5574411
45.6829 0.374455 123.563 5431724
45.8107 0.375503 123.573 1762207
46.4838 0.38102 123.949 6849743
46.6197 0.382134 124.191 5574318
46.6592 0.382458 124.334 5680285
46.6824 0.382648 124.545 5605172
46.7037 0.382823 124.601 2497073
46.8834 0.384295 124.762 6996395
46.8857 0.384315 124.803 5680327
46.9114 0.384525 125.566 4772228
47.0271 0.385473 125.852 4172832
47.0585 0.38573 125.933 5432742
47.2289 0.387127 126.222 3897993
47.5171 0.38949 126.297 4861597
47.7626 0.391502 127.248 4183365
48.066 0.393989 127.356 6959402
48.0734 0.394049 127.64 3956768
48.0881 0.39417 127.687 4771801
48.7593 0.399672 128.099 5574732
48.7741 0.399794 128.144 3232287
48.7929 0.399948 128.156 1498877
50.2158 0.411611 128.527 5433212
50.2229 0.411669 129.037 3890185
50.8197 0.416561 129.098 5432069
51.3171 0.420638 129.365 3900481
51.411 0.421407 129.473 5345878
52.0175 0.426379 129.972 5910133
52.0511 0.426654 130.093 5944033
52.0819 0.426907 130.322 4535986
52.4902 0.430254 130.435 5433239
52.9039 0.433644 130.49 3898118
52.9779 0.434251 130.504 16991
52.9998 0.434431 130.609 4771465
53.0363 0.43473 130.817 3901266
53.0538 0.434873 130.983 5432866
53.0661 0.434974 131.215 4477578
53.0831 0.435113 131.397 4523609
53.0915 0.435182 131.411 6850074
53.2588 0.436554 131.853 5006377
53.2737 0.436676 131.956 2117768
53.4886 0.438437 132.013 5680005
53.5019 0.438546 132.433 5453601
53.5283 0.438762 132.512 2382004
53.6863 0.440058 132.597 7632125
53.6946 0.440126 132.679 5680580
53.7696 0.440741 132.881 4104166
53.9464 0.44219 132.896 3899450
54.0427 0.442979 132.917 7030731
54.1598 0.443939 133.051 3229962
54.2809 0.444931 133.13 5432841
54.312 0.445186 133.269 7284038
54.3352 0.445377 133.406 4355721
54.3773 0.445722 133.551 7723693
54.5189 0.446883 133.738 3896668
54.5452 0.447098 134.093 3898627
54.5994 0.447542 134.6 6767428
54.6133 0.447656 134.807 4858012
54.7293 0.448608 134.986 622069
54.7348 0.448652 135.064 972097
54.8759 0.449808 135.065 6479348
54.897 0.449982 136.153 3740191
54.9518 0.450431 136.158 6850390
55.1206 0.451815 136.334 7546008
55.2052 0.452508 136.465 4858290
55.4051 0.454147 137.371 4774896
55.477 0.454736 137.562 5353992
55.5903 0.455664 137.602 1454791
55.608 0.455809 137.935 3898433
55.7499 0.456973 138.111 5680127
55.9573 0.458672 138.224 4175281
55.9854 0.458903 138.229 3896349
56.0789 0.45967 138.344 6849438
56.1446 0.460208 138.425 7646202
56.6989 0.464752 138.609 3897801
56.798 0.465564 138.633 3945292
56.809 0.465654 138.665 6849755
56.8241 0.465778 139.663 387538
56.8539 0.466022 139.95 4184021
56.8665 0.466125 140.306 1785460
56.9428 0.466751 141.394 3939867
56.9498 0.466809 141.549 3740584
56.9566 0.466864 141.744 3229921
56.9705 0.466978 141.88 3898176
56.9832 0.467082 142.437 4277608
56.9936 0.467167 142.787 5764413
57.0718 0.467808 143.066 7330665
57.1993 0.468853 143.728 4175173
57.2058 0.468907 143.868 3060941
57.228 0.469089 144.385 4779764
57.2403 0.469189 144.772 4665716
57.3113 0.469771 145.239 3232044
57.3234 0.469871 145.358 4275529
57.3302 0.469927 146.322 2109995
57.381 0.470343 146.536 4862410
57.4165 0.470634 146.894 4174766
57.5141 0.471434 146.995 3895884
57.541 0.471654 147.195 5193417
57.6874 0.472854 147.402 6352497
57.7264 0.473174 147.404 6139762
57.9518 0.475021 147.83 5565405
57.9608 0.475095 148.224 6898662
58.0024 0.475436 148.333 6842996
58.0091 0.475491 149.107 4179566
58.0495 0.475822 149.766 5679803
58.0632 0.475935 150.89 5431926
58.0795 0.476068 151.213 7150627
58.1377 0.476545 151.309 7654296
58.1788 0.476882 151.914 5572467
58.3255 0.478085 151.945 3896279
58.3482 0.478271 152.404 4488543
58.41 0.478777 152.691 6748188
58.4957 0.479479 153.144 5574409
58.5295 0.479757 153.468 5574558
58.547 0.4799 153.585 3897830
58.5713 0.4801 153.759 31160
58.6072 0.480393 153.779 4175522
58.6665 0.48088 154.011 7631185
58.6789 0.480981 154.033 3957019
58.7154 0.481281 154.233 3897412
58.7551 0.481606 155.701 663933
58.7846 0.481848 155.903 197007
58.8624 0.482486 156.599 224938
58.9099 0.482875 156.703 6849967
58.9209 0.482965 156.783 5219513
58.9515 0.483216 157.068 5680002
59.0537 0.484054 158.157 5694972
59.1135 0.484544 158.967 3232847
59.1503 0.484846 158.989 5680101
59.164 0.484957 158.997 4858236
59.1785 0.485076 159.347 5572845
59.2191 0.485409 159.372 5691933
59.2525 0.485683 159.598 5433448
59.2611 0.485754 160.35 3896043
59.2788 0.485899 160.354 7151496
59.298 0.486056 160.383 3957376
59.3288 0.486308 160.412 6850109
59.3396 0.486397 160.572 5433447
59.3615 0.486577 161.233 5573497
59.3745 0.486683 162.289 5943783
59.3893 0.486804 162.325 68164
59.3985 0.48688 162.715 5656718
59.4378 0.487202 162.786 1850540
59.4553 0.487345 163.293 6457475
59.4639 0.487416 163.439 3740504
59.4824 0.487568 164.264 5680321
59.4962 0.487681 164.359 5943524
59.631 0.488786 164.692 5574480
59.7217 0.489529 164.702 4178895
59.7527 0.489783 164.963 4180863
59.7588 0.489833 166.078 5571553
59.8629 0.490686 166.123 3770086
59.8843 0.490861 166.374 4182803
64.9592 0.53246 166.446 1489586
64.9918 0.532727 166.512 3842908
65.2189 0.534589 166.872 3770281
65.2432 0.534788 167.325 3990806
65.2783 0.535075 167.725 3231287
65.2888 0.535162 167.743 4776666
65.319 0.535409 168.316 7810871
65.3568 0.535719 168.906 1602676
65.3625 0.535766 169.207 5349185
65.386 0.535959 169.932 7425878
65.4071 0.536131 170.064 7820300
67.5415 0.553627 170.368 4119615
67.5596 0.553775 170.658 6765012
67.5675 0.55384 171.156 224553
67.5867 0.553997 171.478 4827683
67.6002 0.554108 171.603 1913649
67.613 0.554213 171.628 6850132
67.9552 0.557017 172.084 3891560
67.9784 0.557208 172.19 3849579
68.0063 0.557437 172.367 5953996
68.0177 0.55753 172.418 1453933
68.0391 0.557705 173.04 4858024
68.065 0.557918 173.338 4733879
68.1154 0.558331 173.95 3957254
68.3558 0.560302 174.074 7771098
68.3676 0.560398 174.212 7533592
68.3868 0.560556 174.392 7484378
68.4627 0.561177 174.699 1999721
68.5252 0.56169 174.897 3897198
68.5804 0.562142 174.963 3872970
71.4214 0.585429 175.671 3908604
73.0191 0.598525 176.521 3769928
73.0724 0.598962 176.607 6237667
73.086 0.599074 176.841 3899012
73.1128 0.599294 176.885 4175687
73.136 0.599483 176.89 1999971
73.1425 0.599537 176.946 6246756
73.1584 0.599667 177.087 4671703
73.2687 0.600571 177.275 1186647
73.3023 0.600847 177.328 3885023
73.3298 0.601072 177.448 64293
73.3404 0.601159 177.585 3740295
73.3691 0.601394 178.046 2747045
75.4615 0.618546 178.077 119521
75.545 0.61923 178.266 5431925
79.1699 0.648943 178.353 1490579
79.4003 0.650831 178.422 4182371
79.4183 0.650979 178.949 3740466
79.5022 0.651666 178.969 5163788
79.5096 0.651727 179.006 5680292
79.5907 0.652392 179.084 3861037
79.6165 0.652603 179.252 7645678
79.6416 0.652809 179.351 5680506
79.7171 0.653428 179.518 6994587
79.9574 0.655398 179.544 3770299
80.5691 0.660412 179.64 3770290
80.5849 0.660542 179.922 1531434
82.9366 0.679818 180.714 1971059
82.9513 0.679938 180.76 3890408
82.9649 0.68005 180.886 7801708
82.9736 0.680121 181.849 4174518
82.9861 0.680224 181.91 4175276
83.0037 0.680368 182.267 3986646
83.0184 0.680488 182.773 5349236
83.1957 0.681942 183.126 4126023
83.2106 0.682064 183.143 4103232
83.2566 0.682441 183.349 3235711
84.829 0.695329 183.721 3770297
85.1312 0.697807 183.897 3769989
85.1545 0.697997 183.927 3740610
85.1941 0.698322 184.049 4104639
85.221 0.698542 184.173 3052062
85.2291 0.698609 184.219 3232055
85.2492 0.698774 184.273 3280360
85.27 0.698944 184.598 3740590
85.356 0.699649 184.648 1136465
86.3049 0.707427 184.819 3740560
86.9103 0.712389 184.951 3770237
86.9227 0.712491 185.083 1908070
87.8994 0.720497 185.648 1845252
87.9366 0.720802 186.053 1815484
87.9637 0.721024 186.124 7426435
87.9718 0.72109 186.327 5431604
88.078 0.721961 186.353 722530
89.3132 0.732086 187.011 3770369
89.3286 0.732212 187.056 6273148
90.116 0.738666 187.08 3771053
91.2224 0.747735 187.081 6349190
91.2458 0.747927 187.153 3740798
91.2977 0.748352 187.59 3768349
93.359 0.765249 187.65 3907977
93.3894 0.765497 187.76 3740344
94.2868 0.772853 187.773 4190110
94.9313 0.778136 188.526 1906816
95.3221 0.78134 188.669 8018025
95.3823 0.781833 189.363 3897130
95.416 0.782109 189.48 4323035
95.5687 0.783361 189.784 4820325
95.9845 0.786769 190.07 187198
95.9996 0.786893 190.237 6888089
96.1018 0.787731 190.397 3885611
96.1369 0.788019 190.467 1914897
97.1534 0.79635 190.701 2058078
97.1678 0.796469 191.055 3740729
97.1839 0.796601 191.37 2900841
97.9553 0.802924 191.483 2258306
100.198 0.821309 191.81 3885736
100.213 0.821433 191.98 1425032
100.23 0.821571 192.021 3739825
100.254 0.821768 192.411 5943825
100.271 0.821902 192.414 7459964
100.431 0.823219 193.02 2109630
100.727 0.825644 193.022 1849242
100.785 0.826117 193.077 2043519
100.824 0.826438 193.282 1276520
100.847 0.826628 193.436 1999865
100.923 0.827252 194.067 6581883
100.969 0.827627 194.12 6408452
101.053 0.828311 194.801 2001401
101.139 0.829018 195.042 243143
101.176 0.829323 195.142 5432134
101.247 0.829903 195.765 3906749
101.259 0.830002 195.898 1787714
101.283 0.830196 196.2 6741421
101.837 0.834745 196.322 3908793
101.898 0.835245 196.4 324376
101.926 0.83547 196.599 3893340
101.956 0.83572 196.693 1916941
101.965 0.835788 196.747 3739877
101.977 0.835886 196.755 1722690
101.988 0.835978 197.013 7334398
102.01 0.83616 197.238 4006159
103.471 0.848137 198.197 1489573
103.494 0.848325 198.921 1967832
103.536 0.848665 199.221 3986266
103.545 0.848742 199.251 3770287
103.578 0.849012 199.347 5679913
103.585 0.849072 199.606 3851203
103.729 0.850249 199.747 2001436
104.058 0.852949 200.154 6407459
104.114 0.853405 200.3 3739209
104.182 0.853965 200.366 3897650
104.197 0.85409 200.577 5679912
104.212 0.85421 200.622 4854631
104.239 0.854431 200.714 3930397
104.91 0.85993 200.871 7117306
105.241 0.862643 201.23 3908338
105.253 0.862745 201.427 3901927
105.302 0.863142 201.589 3739205
105.373 0.863725 202.087 3891720
105.472 0.864538 202.564 5655967
105.681 0.866253 202.633 5225803
105.71 0.866488 202.701 3957048
105.76 0.866901 202.904 7119455
105.819 0.867377 203.694 1967731
105.85 0.867633 203.799 7531650
105.862 0.867731 203.801 6312171
106.618 0.873931 204.025 3907880
106.627 0.874007 204.369 7517598
107.417 0.880478 204.441 3908336
107.471 0.880924 204.624 7572300
107.503 0.881184 204.906 5985849
107.532 0.881422 205.624 4772767
107.541 0.881495 205.626 4752296
107.636 0.882274 205.635 7344392
107.645 0.882347 205.668 3894293
108.245 0.887263 205.768 3908886
108.272 0.887485 206.619 3740588
108.288 0.887617 206.915 3889817
108.337 0.888018 207.046 3770654
108.742 0.891341 207.238 7454084
108.985 0.893329 207.597 4193088
109.088 0.894178 207.785 1490106
109.099 0.894267 207.791 7179580
109.155 0.894722 208.128 7770793
109.265 0.895628 208.385 3771048
109.277 0.895727 208.73 3739814
109.44 0.897066 208.737 4191889
109.499 0.897545 208.771 3845793
109.55 0.897967 208.838 3512198
109.63 0.898617 208.865 3052978
109.657 0.898838 209.302 5011633
109.712 0.899294 209.333 1723946
109.732 0.899456 209.383 1971060
109.749 0.899596 209.686 7532430
109.778 0.899829 210.082 1276611
109.867 0.900566 210.125 5357928
109.909 0.900902 210.424 3885098
110.196 0.903256 210.621 3908885
110.284 0.903979 210.684 3885594
110.399 0.904925 210.81 1537852
110.716 0.907522 211.18 5656262
110.904 0.909062 211.252 4120187
110.939 0.909352 211.342 4120133
111.007 0.909903 211.733 64304
111.071 0.910432 211.805 1971021
111.193 0.911432 211.898 3908223
111.211 0.911577 211.917 3840698
111.279 0.912138 212.081 3740202
111.285 0.912185 212.2 3414686
111.686 0.915476 212.429 7516542
112.095 0.918822 212.512 3887416
112.105 0.918907 212.907 4175698
112.485 0.922021 213.044 3848579
112.53 0.922388 213.135 1906075
112.731 0.92404 213.138 1490740
112.763 0.924301 213.296 4787898
112.822 0.924787 213.51 3986197
112.872 0.925194 213.522 3740591
112.92 0.925587 213.526 3908534
113.065 0.926777 213.673 4191042
113.286 0.928585 213.727 224615
113.403 0.929547 213.736 7318278
113.415 0.929648 213.993 2510559
113.447 0.929909 214.174 1968212
113.5 0.930337 214.349 3740697
113.64 0.931486 214.484 1023166
113.657 0.931627 214.992 3986467
114.187 0.935972 215.141 6303565
114.303 0.936922 215.863 3740515
114.315 0.937024 216.096 3849434
114.35 0.937306 216.204 7284304
114.371 0.937478 216.337 4754062
114.419 0.937877 216.416 3769526
114.431 0.937974 216.652 1907879
114.452 0.938145 217.242 2010537
114.467 0.938265 217.849 3055875
114.478 0.938354 218.221 7771219
114.734 0.940452 218.883 6139137
114.862 0.941503 218.895 3770109
114.884 0.941685 219.177 1999743
114.899 0.941812 219.336 4769199
114.92 0.941979 219.777 1851124
114.935 0.942104 220.241 1684955
114.951 0.942237 220.333 6140986
114.989 0.942547 220.447 3740915
115.062 0.943148 220.462 88046
115.112 0.943556 220.578 6273149
115.392 0.945849 220.978 2001445
115.868 0.949749 221.49 4191400
115.911 0.950105 221.495 7202286
115.955 0.950465 221.773 4123851
115.97 0.950583 221.943 3736054
115.973 0.950611 222.002 5680320
116.445 0.954483 222.202 1489446
116.468 0.954668 222.486 7550729
116.508 0.954998 224.432 441812
116.524 0.955126 224.672 44677
116.781 0.957237 225.012 7116870
116.794 0.957337 225.181 4175688
116.807 0.957444 225.564 1723249
116.863 0.957904 225.865 7324622
116.878 0.958028 225.917 3277464
116.893 0.95815 226.274 3772602
116.946 0.958583 226.282 4187445
117.001 0.959036 226.376 3908476
117.015 0.959151 226.738 7524148
117.028 0.959258 226.885 954410
117.065 0.959561 227.148 3908112
117.094 0.959803 227.184 1916755
117.116 0.959978 227.3 3767932
117.172 0.96044 228.028 3739129
117.193 0.960615 228.329 3986520
117.238 0.960981 228.364 3843780
117.288 0.961389 228.572 4708573
117.528 0.963359 229.655 7510561
117.621 0.96412 229.833 1916008
117.666 0.96449 229.989 3901501
117.69 0.964689 231.538 4191715
117.704 0.964804 232.007 3740871
117.709 0.964845 232.478 3740479
117.807 0.965646 233.157 4736421
117.817 0.96573 233.344 1915942
117.826 0.9658 233.348 3741142
117.916 0.966541 233.397 2001836
117.971 0.966985 233.496 3740236
118.06 0.967716 233.557 3907672
118.084 0.967915 233.677 2002794
118.097 0.968024 234.527 197820
118.201 0.968871 236.303 3841015
118.236 0.969159 236.977 1790112
118.314 0.9698 237.181 3907870
118.364 0.970211 237.281 7385948
118.535 0.971609 237.36 1851220
118.603 0.972168 238.35 3740103
118.682 0.972815 238.515 2508599
118.728 0.973191 239.018 6513834
118.735 0.973254 239.092 5544949
118.945 0.97497 240.472 4613129
118.963 0.975123 240.71 1909766
118.983 0.975284 240.798 3740761
119.057 0.975887 240.872 1789279
119.163 0.976762 241.029 3850063
119.197 0.977035 241.091 1578023
119.222 0.977244 241.406 1580842
119.314 0.978001 241.825 4070526
119.341 0.978215 242.062 3740716
119.401 0.978711 242.391 1723945
119.417 0.978841 242.746 3896583
119.537 0.979828 242.963 3740916
119.629 0.980577 243.733 2044269
119.657 0.980807 243.976 6272998
119.661 0.980843 244.776 1665001
119.707 0.981216 244.843 1343334
119.738 0.981471 245.381 3690051
119.763 0.981681 245.461 2381082
119.806 0.982033 245.573 4224241
119.858 0.982453 246.292 4574203
119.879 0.982628 246.417 1580110
119.895 0.982763 246.839 229982
119.986 0.983508 247.636 4704459
120 0.98362 247.649 4277824
120.01 0.983702 248.342 1939100
120.097 0.984414 248.71 1725065
120.103 0.984464 249.932 6400762
120.15 0.984854 251.127 3740717
120.178 0.985076 251.342 7517412
120.195 0.985221 251.962 3386551
120.254 0.985704 253.171 7037130
120.28 0.985915 253.751 3740872
120.296 0.986045 253.886 3231558
120.358 0.986558 254.703 7602085
120.378 0.986716 255.04 3987447
120.389 0.986807 255.097 3891721
120.417 0.987037 255.242 2059684
120.423 0.987091 255.432 3230932
120.455 0.987353 255.643 3770980
120.489 0.987631 255.815 4068981
120.535 0.988007 256.033 1370038
120.579 0.98837 258.677 3908602
120.603 0.988562 259.479 2058356
120.627 0.988758 259.789 3772115
120.64 0.988867 261.138 1999979
120.678 0.989174 262.206 3055950
120.69 0.989273 262.578 1999942
120.726 0.989571 263.385 7482441
120.742 0.989703 263.793 5433634
120.76 0.989853 264.542 1786326
120.768 0.989913 265.204 6742012
120.785 0.990057 265.221 737863
120.84 0.990507 265.723 1725567
120.859 0.990661 266.684 1722736
120.883 0.990858 267.602 2001567
120.901 0.991005 268.712 3885379
120.999 0.991808 268.8 1370037
121.009 0.991892 269.852 1789409
121.056 0.992272 270.298 1908356
121.073 0.992412 271.24 4576642
121.089 0.992545 271.495 3859331
121.147 0.993019 272.062 4192456
121.187 0.993349 274.377 7453753
121.195 0.993412 275.022 2058249
121.282 0.994128 275.142 7534057
121.297 0.994248 277.693 3739933
121.326 0.994487 279.527 1424264
121.345 0.994648 280.387 6404528
121.389 0.995009 282.699 6406378
121.407 0.995154 282.709 7544913
121.458 0.995568 283.045 1906692
121.482 0.995765 283.576 3844366
121.493 0.995862 283.84 3886738
121.51 0.995995 284.051 7323268
121.562 0.996421 284.174 4574986
121.571 0.996501 285.716 1915646
121.589 0.996642 287.964 1118931
121.602 0.996751 289.048 4121425
121.643 0.997084 290.37 3906471
121.656 0.997196 290.411 4189444
121.664 0.997258 291.749 4575100
121.678 0.997373 298.937 3740615
121.682 0.997406 300.037 4174368
121.712 0.997655 302.772 4187796
121.725 0.997763 304.028 7601246
121.732 0.997816 304.368 7515765
121.799 0.998369 308.313 7264220
121.817 0.998514 308.965 3740345
121.825 0.998581 313.8 2041363
121.839 0.998696 320.361 1907592
121.849 0.998777 325.634 3739704
121.859 0.998858 332.732 3890632
121.878 0.999012 333.396 3929005
121.882 0.999044 334.612 3192809
121.898 0.999174 336.628 3907996
121.913 0.9993 345.513 2040145
121.921 0.999366 347.328 3740636
121.942 0.99954 357.237 4068350
121.955 0.999644 366.67 2348343
121.964 0.999715 372.39 1908538
121.975 0.999811 372.418 7483831
121.983 0.999877 373.277 1665291
121.995 0.999969 409.635 2058113
121.998 1 525.082 3739346
