Unknown 4 358 358 358 358 float/unsigned
CumulativeMeasure | CDF | Dose | TetraID
0.000580638 1.82189e-05 0 2873184
0.00190915 5.99042e-05 0 3452736
0.00287881 9.03297e-05 0 3452660
0.00668983 0.00020991 0 3452648
0.00809339 0.000253949 0 3452626
0.0109669 0.000344114 0 3451815
0.0133743 0.000419649 0 3451749
0.014824 0.000465137 0 3451568
0.0159145 0.000499356 0 3179007
0.0163771 0.00051387 0 3017795
0.0168053 0.000527308 0 3017184
0.0172574 0.000541492 0 3017174
0.0182646 0.000573096 0 3017048
0.0193417 0.000606893 0 3016287
0.0211396 0.000663307 0 3015446
0.0224548 0.000704574 0 3452917
0.0236561 0.000742266 0 2862894
0.0248414 0.000779459 0 2862537
0.0252024 0.000790787 0 2761021
0.0259696 0.000814857 0 2760256
0.0261895 0.000821757 0 2759291
0.0270541 0.000848888 0 6617723
0.0272815 0.000856022 0 2757642
0.027807 0.000872513 0 2757597
0.029393 0.000922275 0 2757364
0.0298311 0.000936022 0 2757061
0.0304809 0.000956412 0 2673399
0.0312572 0.000980769 0 2672470
0.0322827 0.00101295 0 2671805
0.032889 0.00103197 0 3453846
0.0333694 0.00104705 0 3821456
0.0339241 0.00106445 0 3821460
0.0348811 0.00109448 0 3821186
0.0365158 0.00114577 0 3821094
0.03747 0.00117571 0 3821071
0.0377999 0.00118606 0 3820805
0.0379243 0.00118996 0 3820222
0.0381507 0.00119707 0 3821635
0.0398968 0.00125186 0 3454138
0.0414519 0.00130065 0 3454085
0.0420385 0.00131906 0 3454074
0.0425836 0.00133616 0 3454072
0.0443068 0.00139023 0 3454041
0.045756 0.00143571 0 1498
0.0464426 0.00145725 0 3453838
0.0471565 0.00147965 0 3453827
0.0475117 0.00149079 0 3822599
0.0493005 0.00154692 0 3453664
0.0513577 0.00161147 0 3453631
0.0515598 0.00161781 0 3822600
0.0519396 0.00162973 0 3453624
0.0522414 0.0016392 0 3453466
0.0533643 0.00167443 0 3453444
0.0555495 0.001743 0 3453330
0.0568559 0.00178399 0 3453303
0.0625449 0.0019625 0 3453203
0.0639764 0.00200741 0 4723395
0.0645264 0.00202467 0 2197624
0.0648684 0.0020354 0 33882
0.0713702 0.00223941 0 6992342
0.0724662 0.0022738 0 1404501
0.0757121 0.00237565 0 2664990
0.0763617 0.00239603 0 495985
0.0774884 0.00243139 0 384277
0.0784532 0.00246166 0 2505415
0.0791944 0.00248491 0 1632745
0.0800822 0.00251277 0 328130
0.0821134 0.00257651 0.0287848 2670777
0.0884414 0.00277506 0.0476507 3453210
0.0892893 0.00280167 0.0567666 3452580
0.0934258 0.00293146 0.117161 78975
0.0945392 0.00296639 0.168642 2924099
0.101224 0.00317614 0.191841 3821265
0.103228 0.00323904 0.219241 2760176
0.104059 0.00326512 0.271096 3452700
0.106682 0.00334739 0.290647 3450644
0.110532 0.00346821 0.323961 3453403
0.112723 0.00353697 0.35812 2759756
0.114853 0.00360378 0.401289 3015450
0.115216 0.00361516 0.432756 160553
0.1175 0.00368686 0.459316 2202234
0.118402 0.00371516 0.486294 3453932
0.119945 0.00376358 0.500039 2820800
0.122126 0.003832 0.517383 3453661
0.124002 0.00389085 0.541345 2862334
0.127301 0.00399437 0.591308 159762
0.133984 0.00420407 0.613128 3453632
0.140384 0.0044049 0.693557 2758365
0.143574 0.00450497 0.736018 3453479
0.15109 0.0047408 0.777863 3452871
0.163386 0.00512664 0.811924 3821032
0.164282 0.00515473 0.814768 2758384
0.169713 0.00532516 0.973767 2760382
0.173166 0.0054335 0.989098 3453650
0.173956 0.0054583 1.02082 3821110
0.185318 0.0058148 1.02485 3452897
0.196686 0.0061715 1.11252 2758990
0.213686 0.0067049 1.67519 3023537
0.217548 0.00682608 1.72178 3453791
0.218402 0.00685287 1.91744 3453016
0.225312 0.0070697 1.933 1949560
0.231235 0.00725556 1.95602 2759676
0.237239 0.00744393 2.41503 2669759
0.238448 0.00748187 2.46715 3452655
0.25591 0.00802978 2.47685 328202
0.262709 0.00824313 2.47995 3453139
0.263897 0.00828039 2.48589 3453123
0.264445 0.00829759 2.64506 2758566
0.266452 0.00836057 2.72917 3821062
0.271412 0.00851619 2.81873 2757689
0.300756 0.00943693 2.84796 608054
0.305566 0.00958786 2.87888 2261788
0.317079 0.00994911 3.16443 3453292
0.335804 0.0105367 3.1688 3452036
0.336378 0.0105547 3.16962 3020249
0.337172 0.0105796 3.2614 3452094
0.341501 0.0107154 3.34285 2760294
0.343041 0.0107637 3.66511 2861292
0.344105 0.0107971 3.8379 2172188
0.348554 0.0109367 3.84245 3017538
0.352942 0.0110744 4.01482 3453404
0.358932 0.0112624 4.11806 3821100
0.362742 0.0113819 4.50338 6909450
0.370514 0.0116258 4.58789 2671222
0.378943 0.0118902 4.63246 3453621
0.381916 0.0119835 4.92156 3452706
0.384131 0.012053 5.54556 6423114
0.427779 0.0134226 5.63254 2670929
0.431744 0.013547 5.66659 2760465
0.450879 0.0141474 5.95267 3454084
0.457814 0.014365 6.11506 2261801
0.464708 0.0145813 6.21003 3450180
0.499756 0.015681 6.4358 3288186
0.500608 0.0157078 6.54983 3820705
4.51146 0.141558 6.62245 4075543
4.51324 0.141614 6.64603 3453895
4.5157 0.141691 6.67612 3822116
4.5167 0.141722 6.95163 3017601
4.52539 0.141995 7.03727 3289979
4.52678 0.142039 7.16921 3452884
4.54729 0.142682 7.54785 2760424
4.56306 0.143177 7.91514 3452304
4.58083 0.143734 7.94623 2391320
4.61079 0.144675 8.05574 2758580
4.67902 0.146815 8.18819 3821266
4.68057 0.146864 8.25676 2759212
4.68543 0.147017 8.74599 3453217
4.70124 0.147513 8.81112 6201461
4.70616 0.147667 8.8306 44928
4.71115 0.147824 8.89378 2757496
4.72201 0.148164 8.98165 3452504
4.73379 0.148534 8.98658 2870088
4.74092 0.148758 9.08545 3821096
4.7564 0.149243 9.33253 495964
4.79421 0.15043 9.41567 2760427
4.81018 0.150931 9.42601 3821088
4.83987 0.151862 9.42927 3821052
4.85366 0.152295 9.52312 2759653
4.85632 0.152379 9.53319 3453495
4.86304 0.152589 9.63952 3821093
4.86359 0.152607 9.65061 2757053
4.86462 0.152639 9.95546 3453493
4.88769 0.153363 10.2879 3450616
4.88846 0.153387 10.538 3453092
4.8915 0.153483 10.5544 3453746
4.89507 0.153595 10.6527 2759287
4.89925 0.153726 10.8213 2860340
4.90883 0.154026 10.8293 3821101
4.95642 0.15552 10.9831 3451962
4.98573 0.156439 11.1652 3821031
5.02301 0.157609 11.2522 3453290
5.0296 0.157816 11.6351 5081590
5.03056 0.157846 12.0439 2760133
5.06232 0.158842 12.0777 3820572
5.08124 0.159436 12.1033 3453592
5.11327 0.160441 12.3421 3452037
5.12074 0.160676 12.5522 3453284
5.1625 0.161986 12.5849 3452812
5.17726 0.162449 12.6562 2669294
5.18258 0.162616 12.9171 545350
5.19705 0.16307 13.0922 2673432
5.19896 0.16313 13.0953 3024286
5.21996 0.163789 13.1025 3452895
5.22129 0.16383 13.3812 3821079
5.22599 0.163978 13.5174 2260622
5.2316 0.164154 14.1836 4021755
5.24005 0.164419 14.2046 3453267
5.24505 0.164576 14.3811 2760241
5.24753 0.164654 14.3831 4594878
5.25215 0.164799 14.6139 3453655
5.26435 0.165182 14.9669 2671233
5.32216 0.166996 14.9817 2860569
5.3264 0.167128 15.0035 3453725
5.32735 0.167158 15.1566 3452900
5.33584 0.167425 15.1692 3452629
5.36095 0.168213 15.2741 6200472
5.3715 0.168544 15.4933 3452124
5.37579 0.168678 15.5254 3821054
5.4083 0.169698 15.6603 3020322
5.41386 0.169873 15.8105 174300
5.41485 0.169904 15.9151 3452901
5.45451 0.171148 15.9755 6200460
5.54205 0.173895 16.192 2262810
5.56845 0.174724 16.2813 3453289
5.57315 0.174871 16.4179 3453727
5.57664 0.17498 16.49 3454203
5.58539 0.175255 16.6488 2759286
5.60385 0.175834 16.7262 2758582
5.6049 0.175867 16.9389 1563355
5.62782 0.176586 17.0453 3820387
5.63766 0.176895 17.1367 2759083
5.70565 0.179028 17.1694 2757587
5.78057 0.181379 17.2616 5080855
5.82164 0.182668 17.5689 3015451
5.92469 0.185901 18.3698 3453885
6.053 0.189927 18.6024 3451860
6.09259 0.19117 18.6395 2759142
6.10491 0.191556 18.9191 2757417
6.12658 0.192236 19.2336 3453022
6.1359 0.192529 19.3016 3453188
6.14858 0.192926 19.68 2375968
6.217 0.195073 19.7291 3453494
6.22803 0.195419 19.7425 3453668
6.27027 0.196745 19.8728 6200994
6.2946 0.197508 19.8849 3451207
6.30286 0.197767 20.0557 6200222
6.3696 0.199861 20.1037 2860645
6.41732 0.201359 20.1187 6911121
6.43004 0.201758 20.154 3452376
6.52163 0.204632 20.157 3453136
6.52906 0.204865 20.602 3452690
6.69435 0.210051 20.889 3453137
6.70249 0.210307 21.2598 6735272
6.76007 0.212113 21.8424 3453894
6.79999 0.213366 21.9022 2575227
6.8092 0.213655 22.0621 3453826
6.81831 0.213941 22.2491 2673384
6.82602 0.214183 23.074 2672854
6.83173 0.214362 23.3515 2757744
6.83409 0.214436 23.6096 3453135
6.84277 0.214708 23.7307 2869964
6.84386 0.214743 23.7781 3820955
6.86541 0.215419 24.2662 3821030
6.86772 0.215491 24.3003 3180264
6.89262 0.216272 24.4761 6201540
6.90145 0.216549 25.1076 573271
6.91764 0.217058 25.2076 544820
6.93081 0.217471 25.6382 2259897
6.93686 0.217661 26.4263 567986
10.9471 0.343492 26.6332 809737
10.9896 0.344824 26.9089 3451384
10.997 0.345056 26.9317 2760367
11.0204 0.345792 27.0525 5081263
11.0334 0.3462 27.3884 2673740
11.0517 0.346774 27.5799 3821097
11.0569 0.346935 27.7019 174346
11.0943 0.348109 27.8666 3452663
11.1237 0.349032 27.917 2758581
11.1454 0.349713 28.007 2756922
11.1459 0.349731 28.2146 2757641
11.1801 0.350801 28.8335 3452910
11.2182 0.351997 28.9961 2202236
11.2335 0.352478 29.1451 3453166
11.2514 0.35304 29.3087 2670468
11.2536 0.353109 29.5972 3450547
11.2651 0.353471 30.1183 2759805
11.2785 0.353891 30.2032 2669748
11.2956 0.354425 30.5463 2758672
11.2987 0.354524 30.652 3453504
11.3146 0.355024 30.9968 3452278
11.3263 0.355389 31.0468 3453130
11.3383 0.355765 31.4121 3451100
11.3686 0.356716 31.8628 60165
11.3792 0.357049 32.0094 2757623
11.3798 0.357068 32.204 3453907
11.4162 0.35821 32.6019 2758261
11.4219 0.358389 33.2331 3452754
11.4238 0.35845 33.3549 2758408
11.4388 0.358921 33.4425 2756991
11.4417 0.35901 33.9283 3821047
11.4571 0.359493 34.1987 6736184
11.4584 0.359534 34.2614 3451753
11.4599 0.359581 34.3798 2757393
11.4648 0.359735 35.0314 567202
11.4709 0.359927 35.3397 3452355
11.5054 0.361008 36.6577 3453186
11.5691 0.363009 37.0165 3821544
11.573 0.363131 37.0343 2670521
11.5779 0.363283 37.1039 2256585
11.5987 0.363937 37.4006 2669739
11.6125 0.364369 37.7929 2670374
11.6212 0.364642 38.0173 3452956
11.631 0.364951 38.389 568410
11.633 0.365014 38.4564 3453492
11.637 0.36514 38.9207 6201454
11.6418 0.365288 39.1915 3452914
11.6698 0.366168 39.56 2861128
11.6773 0.366405 40.0021 3289503
11.6812 0.366525 40.8101 3453731
11.6909 0.366831 41.0284 2758737
11.6974 0.367034 41.187 3821383
11.7032 0.367216 41.22 3453759
11.7074 0.367346 42.0328 3453653
11.7103 0.36744 42.5616 3453026
11.7162 0.367625 43.7027 173012
11.7206 0.367762 44.3702 3453643
11.7247 0.367892 44.4403 2757471
11.7269 0.367959 44.5439 3287317
11.751 0.368717 44.7203 2756491
11.7729 0.369404 46.4286 6736185
11.7742 0.369444 47.5312 3453909
11.7813 0.369666 48.0029 2758522
11.7833 0.369731 48.7468 2859931
11.7883 0.369886 48.7947 3452482
11.7901 0.369942 50.2487 2863295
11.7915 0.369987 50.5022 2864001
11.7935 0.370048 52.0557 2757249
11.7987 0.370211 54.4391 96616
11.8013 0.370294 58.942 3450932
11.8036 0.370368 59.3519 3451495
11.8048 0.370405 60.4779 3452708
15.7431 0.493977 61.9969 6072380
15.7462 0.494075 62.217 2759818
15.749 0.494164 62.5244 3454126
15.7535 0.494303 62.9518 3821393
15.755 0.494351 63.465 2758947
15.7561 0.494386 64.9682 25993
15.7575 0.494429 65.0239 3453036
15.7605 0.494522 65.3605 3452979
15.7631 0.494606 65.4694 3017610
15.7708 0.494846 67.0739 6733066
15.7744 0.494958 68.0256 3452739
15.7767 0.495031 68.2691 2915189
15.7811 0.495171 69.4307 2758588
15.7846 0.49528 73.0663 2670230
15.7859 0.495322 75.0349 2758966
15.787 0.495355 76.3832 3821334
15.7909 0.495478 80.2576 2758929
15.7942 0.495582 90.7268 3452172
15.7968 0.495664 91.4146 3453467
15.7991 0.495733 92.0396 3453294
15.8027 0.495849 94.1264 2759598
15.8065 0.495968 97.7286 3453789
15.808 0.496012 102.535 2758133
15.8097 0.496068 109.024 3452665
15.8108 0.496103 119.394 2757324
15.8119 0.496137 122.704 3017793
15.8144 0.496215 124.661 3821083
15.8156 0.496252 127.739 3453967
15.8168 0.496289 135.897 2759726
19.8276 0.622139 136.107 7480083
19.8293 0.622191 140.124 3453625
23.8403 0.748045 143.377 1221929
23.841 0.748068 150.033 3679218
23.8458 0.74822 152.759 2758811
27.8568 0.874074 196.276 809643
27.8591 0.874146 240.419 2757686
31.8701 1 757.689 3055858
