Unknown 4 719 719 719 719 float/unsigned
CumulativeMeasure | CDF | Dose | TetraID
0.0054793 4.49129e-05 13.006 972097
0.0152474 0.00012498 18.549 3232229
0.0218102 0.000178775 24.3687 3230932
0.0275297 0.000225656 29.2427 5349185
0.0355995 0.000291803 34.1802 5431604
0.0455433 0.000373311 37.0584 3231553
0.0590489 0.000484014 62.9333 6849657
0.0749161 0.000614075 68.1378 3377587
0.0807186 0.000661637 76.0585 3414686
0.0926066 0.000759081 85.0103 6312171
0.108502 0.000889372 85.0855 4671703
0.12526 0.00102673 86.6355 3231800
0.132367 0.00108499 89.1811 3898145
0.144879 0.00118755 89.3756 4175276
0.153574 0.00125882 89.7801 4174518
0.163425 0.00133957 90.7209 6849974
0.17707 0.00145141 92.1378 4858236
0.194774 0.00159653 92.5745 7151496
0.198223 0.0016248 93.335 5680320
0.224051 0.00183651 95.0528 7645678
0.246594 0.00202129 98.9995 7550729
0.259416 0.00212639 99.2201 6850132
0.282378 0.0023146 100.812 4175699
0.296615 0.00243131 101.493 5574627
0.310078 0.00254166 103.106 3897733
0.324968 0.00266371 104.371 3232287
0.359126 0.0029437 104.736 5679849
0.386067 0.00316453 105.194 3896496
0.401073 0.00328753 108.863 3957021
0.497317 0.00407642 113.035 7030731
0.512038 0.00419709 113.209 4771801
0.577679 0.00473514 113.746 7646202
0.60544 0.00496269 114.848 6939639
0.616409 0.00505261 117.025 5219513
0.76278 0.00625238 117.531 6352497
0.772562 0.00633256 118.846 3898412
0.790279 0.00647779 119.657 5680505
0.811643 0.0066529 119.692 2497073
0.837395 0.00686399 119.893 3740872
0.876826 0.0071872 120.086 5680285
4.24114 0.0347639 121.221 5574486
4.28323 0.0351089 123.088 7723693
4.29329 0.0351914 123.363 4771429
4.32624 0.0354615 123.802 5691415
4.33987 0.0355732 124.554 4277824
4.39624 0.0360352 124.837 7461971
4.88433 0.040036 125.06 6767441
9.9618 0.0816552 125.536 3898379
9.98617 0.081855 125.661 31160
10.0395 0.0822919 126.203 6237667
10.0517 0.0823918 126.52 4175688
10.0664 0.0825128 126.521 4854631
10.1053 0.0828312 126.834 5682109
10.1136 0.0828995 127.214 5680580
10.2639 0.0841314 128.094 3896739
10.2797 0.0842612 128.496 3734185
10.3074 0.084488 128.676 6765344
13.7576 0.112769 128.84 7642221
14.1713 0.11616 129.001 3898118
14.1802 0.116233 130.266 4752296
14.3506 0.117629 130.788 3897993
14.3655 0.117751 130.813 4103232
14.3997 0.118032 131.308 4670548
15.4244 0.126431 131.803 5680234
15.4984 0.127038 131.841 16991
15.6564 0.128333 132.08 7632125
16.2107 0.132877 132.082 3897801
17.6336 0.14454 132.389 5433212
17.6611 0.144765 132.511 5682858
17.6735 0.144867 132.788 3957019
17.717 0.145223 132.946 7202286
17.7344 0.145366 133.511 3897830
17.7472 0.145471 133.582 4277608
17.7923 0.145841 133.714 3901501
17.8869 0.146616 134.372 4018808
21.6674 0.177604 134.7 3229793
21.6741 0.177659 134.916 3229921
21.8815 0.179359 135.129 4175281
21.8899 0.179428 135.234 6850074
22.1136 0.181261 135.437 4175479
22.1391 0.181471 135.673 3231444
22.1769 0.181781 135.839 1602676
22.3443 0.183152 135.918 5006377
24.5003 0.200825 135.939 4771304
24.7458 0.202837 135.997 4183365
25.2432 0.206914 136.402 3900481
25.371 0.207962 136.626 1762207
25.4187 0.208353 136.821 5347116
25.4308 0.208452 137.023 145276
25.4558 0.208657 137.104 5431826
25.534 0.209298 137.18 7330665
25.5509 0.209437 137.484 4523609
25.561 0.209519 137.61 6559114
26.2322 0.215021 137.728 5574732
26.9052 0.220537 137.972 6849743
26.9366 0.220795 138.345 5432742
26.9489 0.220896 138.971 4477578
26.9652 0.221029 139.125 4016207
27.6823 0.226907 139.342 730981
27.7158 0.227182 139.766 4278132
27.8518 0.228296 139.841 5574318
27.8714 0.228457 140.364 7631892
27.9054 0.228736 140.832 3231352
28.1204 0.230498 141.32 5680005
28.1359 0.230625 141.527 3897700
28.2043 0.231186 142.237 3897650
28.3214 0.232146 142.96 3229962
28.352 0.232397 143.232 5680002
28.7517 0.235673 143.552 3544219
28.7576 0.235721 144.132 3232155
28.8076 0.236131 144.159 3902840
30.1309 0.246978 145.054 1532774
30.4128 0.249288 145.071 3231460
30.436 0.249479 145.378 5605172
30.4958 0.249969 145.432 3232847
30.9041 0.253316 145.533 5433239
30.9457 0.253656 145.62 6842996
30.9708 0.253862 145.706 5680506
33.7908 0.276978 145.772 4572376
33.9256 0.278083 146.393 5574480
34.0467 0.279075 146.884 5432841
34.07 0.279266 148.186 4355721
34.1463 0.279892 148.698 3939867
34.4497 0.282379 148.773 6959402
34.4574 0.282441 149.395 4575100
34.7036 0.28446 149.608 7258310
34.8582 0.285727 150.323 4175701
34.9053 0.286113 150.532 4275950
34.9245 0.28627 150.659 3957376
38.4696 0.315329 151.061 3897603
38.4766 0.315387 151.884 5432188
38.517 0.315717 151.983 6849956
38.5213 0.315752 152.519 1665001
38.5443 0.315941 152.629 5680294
38.5574 0.316049 153.639 954410
38.5786 0.316222 153.802 3740191
38.5876 0.316296 154.199 6898662
38.6829 0.317077 155.732 7632017
39.2 0.321316 155.759 4174812
39.3275 0.322361 156.212 4175173
39.7473 0.325802 156.273 7632286
39.8308 0.326486 156.417 5431925
39.9718 0.327642 156.809 6479348
39.9861 0.327759 157.353 5574414
40.0042 0.327908 157.494 6765012
40.0256 0.328083 157.839 3897134
40.0567 0.328338 158.163 4180863
40.0722 0.328465 158.187 3897366
40.0958 0.328659 158.224 4669270
40.1326 0.328961 158.321 5680101
40.1545 0.32914 158.508 5574430
40.353 0.330767 158.737 5574387
40.5709 0.332553 158.869 620058
41.1677 0.337445 159.036 5432069
41.184 0.337579 159.292 7150627
42.3185 0.346878 159.347 4179434
42.4093 0.347622 160.342 4178895
42.4214 0.347721 160.831 3896640
42.4559 0.348004 160.867 4177168
42.4834 0.348229 161.525 64293
43.1891 0.354014 162.013 812361
43.2232 0.354293 162.02 6764521
43.2344 0.354385 162.336 3891721
43.248 0.354497 162.392 7801708
43.2657 0.354642 162.555 3386551
43.4934 0.356508 162.576 5433854
43.5027 0.356584 162.604 7517598
44.1092 0.361556 162.681 5910133
44.1716 0.362068 163.114 3897198
44.6549 0.366029 163.15 4104620
44.7485 0.366796 163.267 6849438
44.7945 0.367173 163.47 3235711
45.4489 0.372537 163.95 3955600
45.5465 0.373337 163.983 3895884
45.5574 0.373427 164.178 6849755
46.0682 0.377614 164.324 4771846
46.0962 0.377843 164.502 6495933
46.2304 0.378943 164.973 4864300
48.6846 0.39906 165.24 4104133
48.6927 0.399126 165.538 3232055
48.806 0.400055 165.539 1454791
48.8136 0.400117 165.723 2058249
48.9586 0.401306 165.75 5433851
48.9813 0.401491 166.293 4177230
49.0808 0.402307 166.882 6849951
49.0959 0.402431 166.98 3277464
49.116 0.402596 167.078 4354294
49.1282 0.402696 167.812 4770871
49.2188 0.403439 167.867 5432643
49.2556 0.40374 167.887 5489673
49.2771 0.403916 168.039 4858024
49.3693 0.404672 168.238 621345
49.5489 0.406144 168.292 6996395
49.563 0.40626 168.42 665112
49.6911 0.40731 168.961 5680293
49.7043 0.407418 169.2 7601246
49.7198 0.407545 169.36 880374
49.7745 0.407993 169.433 6850390
50.0049 0.409881 169.897 4182371
50.0252 0.410048 170.083 4183363
50.3102 0.412384 170.089 2117786
51.2383 0.419992 171.051 4672439
51.2668 0.420226 171.054 3957048
51.3514 0.420919 171.141 4858290
51.3737 0.421101 171.326 4779764
51.3809 0.421161 171.354 6273992
51.3954 0.42128 171.52 5572845
51.6919 0.42371 171.69 4856059
51.8387 0.424913 172.19 3896279
51.9097 0.425495 172.574 3232044
52.0036 0.426265 172.849 5345878
52.2918 0.428627 173.556 4861597
52.3303 0.428943 173.583 6849428
52.338 0.429006 173.782 5544949
52.3921 0.429449 173.945 6767428
52.4027 0.429536 173.952 140559
52.424 0.429711 174.427 4182803
52.5712 0.430917 174.494 4276684
52.587 0.431047 174.978 1531434
52.5994 0.431148 174.99 3901927
52.6086 0.431224 175.327 5656718
52.834 0.433071 175.682 5565405
52.8927 0.433553 175.766 4391372
52.919 0.433768 175.906 3804160
53.0046 0.43447 176.008 5574409
53.0186 0.434584 176.109 4771209
53.1874 0.435968 176.834 7546008
53.199 0.436064 176.914 4355400
53.2494 0.436476 177.212 3957254
53.2819 0.436743 177.273 5432267
53.31 0.436973 177.713 3896349
53.3176 0.437036 178.473 3899099
53.3316 0.43715 178.56 4858012
53.3489 0.437292 179.401 4774847
54.227 0.444489 179.498 2117767
54.2485 0.444666 179.845 6850133
54.2571 0.444737 179.882 3740504
54.2748 0.444882 180.358 3898433
54.3301 0.445335 180.926 5007663
54.3362 0.445384 181.64 5571553
54.4081 0.445975 181.759 4182726
54.48 0.446564 183.069 5353992
54.6681 0.448105 183.327 5432698
54.6749 0.448161 184.384 4179566
54.691 0.448293 184.456 5433634
54.7087 0.448439 186.208 5680322
54.7652 0.448901 186.635 7645429
55.3788 0.453931 186.72 4855689
55.4326 0.454372 187.473 4174215
55.4475 0.454494 187.68 2117768
55.523 0.455113 187.943 6994587
55.5493 0.455329 188.01 2382004
55.5665 0.455469 188.138 7532430
55.7084 0.456633 188.225 5680127
55.7329 0.456833 188.554 4103834
55.7598 0.457054 188.744 5193417
55.9014 0.458215 188.849 3896668
55.942 0.458547 188.89 3906471
55.9597 0.458692 189.511 3840698
55.9933 0.458968 189.658 4178216
56.0196 0.459184 189.879 3898627
56.0301 0.45927 190.336 5765452
56.0423 0.45937 190.961 2510559
56.0556 0.459479 191 4121425
56.0953 0.459804 191.023 663933
56.1127 0.459947 191.658 5432866
56.1493 0.460246 191.667 3897412
56.2128 0.460767 191.825 6761450
56.2436 0.461019 192.46 6850109
56.3021 0.461499 192.539 4776851
56.3477 0.461872 192.655 1343334
56.3636 0.462003 192.66 3896583
56.37 0.462055 192.743 3895621
56.394 0.462252 193.265 5943825
56.4005 0.462306 193.547 3060941
56.4752 0.462918 193.854 6850813
56.4905 0.463043 194.814 6850150
56.526 0.463334 195.212 4174766
56.6041 0.463974 195.619 3957306
56.6216 0.464118 196.885 6457475
56.6768 0.46457 197.074 3872970
56.6918 0.464694 197.345 387538
56.7322 0.465025 197.413 5679803
56.7733 0.465361 198.113 5572467
56.788 0.465481 198.558 5349236
56.7988 0.46557 198.957 5433447
56.8231 0.465769 199.105 4191715
56.8671 0.46613 199.634 6406378
56.8826 0.466258 200.194 4769199
56.8913 0.466329 201.21 3896043
56.9046 0.466437 201.511 197820
56.9796 0.467052 201.632 4104166
57.0147 0.46734 201.635 3231287
62.0896 0.508938 202.324 1489586
62.1107 0.509111 202.911 4754062
62.2386 0.510159 203.576 4177263
62.2654 0.51038 204.096 4175687
63.8378 0.523268 204.551 3770297
64.4432 0.52823 204.877 3770237
64.4907 0.52862 204.976 6849967
64.5516 0.529119 205.123 4672723
68.1765 0.558832 205.641 1490579
68.3776 0.56048 205.968 4771936
68.4937 0.561431 206.047 622069
69.1054 0.566445 206.621 3770290
69.1129 0.566507 206.841 4277914
69.1637 0.566923 207.532 4862410
69.1736 0.567004 208.047 3890632
69.2851 0.567918 208.18 5765269
69.2922 0.567977 208.805 3890185
69.3028 0.568064 209.059 3740295
69.3176 0.568185 209.075 5431563
70.9153 0.581281 209.152 3769928
70.9747 0.581768 209.607 7631185
71.0016 0.581988 209.652 5011633
71.0809 0.582639 210.233 3052978
71.1681 0.583353 210.799 5574411
71.1804 0.583454 210.942 4665716
71.193 0.583557 210.964 3231668
71.5766 0.586701 211.843 4771778
71.6802 0.587551 212.317 1490106
71.6884 0.587618 212.412 3897500
71.7673 0.588264 212.452 4104874
72.7161 0.596042 212.625 3740560
72.8391 0.59705 212.724 6850391
72.8489 0.59713 212.983 1915646
73.0488 0.598768 213.255 4774896
73.1645 0.599717 213.622 4172832
73.1901 0.599927 213.779 4772228
73.2964 0.600798 214.268 722530
73.3247 0.60103 214.383 6763953
73.3405 0.60116 214.498 664403
73.3474 0.601216 214.522 2109995
74.5825 0.611341 214.62 3770369
74.6664 0.612028 214.637 5163788
74.9536 0.614382 214.763 3908885
74.9872 0.614657 214.826 5944033
75.0314 0.61502 214.956 3908602
75.0864 0.615471 214.96 1725567
75.1067 0.615637 215.791 1851124
75.1336 0.615858 216.314 3052062
75.2067 0.616457 216.33 3306534
75.2751 0.617017 216.862 3740202
75.279 0.61705 216.981 4174368
75.3287 0.617457 217.063 4175319
75.3577 0.617695 217.374 4772767
75.3716 0.617809 217.614 3898176
78.2127 0.641096 218.206 3908604
78.3118 0.641909 218.283 3945292
78.3218 0.64199 218.35 1939100
78.4169 0.64277 218.419 7344392
78.4298 0.642876 218.574 5943783
78.6066 0.644325 218.735 3899450
78.8469 0.646295 218.923 7510561
78.9058 0.646778 219.174 5431724
79.14 0.648698 219.428 3959218
79.162 0.648878 219.581 4771465
79.1805 0.64903 219.614 5680321
79.2687 0.649753 219.783 3885594
79.3042 0.650043 219.845 4120133
80.7653 0.66202 219.928 1489573
80.8049 0.662344 220.076 4104639
80.8221 0.662485 220.13 3986467
80.8376 0.662612 220.739 4183948
80.8545 0.662751 221.054 3739825
80.8824 0.66298 221.232 5953996
80.9012 0.663134 221.255 1498877
81.2306 0.665833 221.508 6407459
81.2658 0.666123 221.518 4276948
81.2999 0.666402 221.901 4175278
81.3073 0.666462 222.055 3956768
81.4107 0.66731 222.374 4181649
81.6683 0.669421 222.533 7116870
81.6762 0.669486 222.733 1665291
82.2759 0.674402 222.809 3908886
82.288 0.674501 223.501 3739814
82.4654 0.675955 224.198 4126023
82.6747 0.677671 224.606 5225803
82.7291 0.678117 224.644 7572300
82.7738 0.678483 225.435 1906075
83.4448 0.683983 225.58 7117306
83.7008 0.686081 225.871 6139137
83.7373 0.686381 225.96 3901266
83.7553 0.686529 226.665 3740466
83.7708 0.686656 226.771 55359
83.7901 0.686814 226.868 3987447
83.8066 0.686949 226.895 229982
83.8439 0.687254 227.006 5432134
83.8676 0.687449 227.223 6741421
86.1105 0.705834 227.51 3885736
86.118 0.705895 227.67 5680292
86.1419 0.706091 227.979 2001567
86.1658 0.706287 228.234 3772115
86.1722 0.70634 228.444 7515765
87.2787 0.715409 228.966 6349190
87.3189 0.715739 229.108 441812
87.4052 0.716446 229.127 243143
87.4698 0.716975 229.614 1971021
87.5028 0.717246 229.834 5679913
88.2592 0.723446 230.134 3907880
88.3174 0.723923 230.324 7654296
88.3445 0.724145 231.163 7517412
90.6962 0.743421 231.39 1971059
90.728 0.743682 232.891 1968212
90.7416 0.743794 233.285 3899012
90.7499 0.743862 233.515 3739877
90.781 0.744117 233.641 7284038
90.805 0.744314 234.129 3844366
90.8171 0.744412 234.215 1787714
90.8466 0.744655 234.751 1916755
90.8642 0.744799 234.811 737863
90.9072 0.745151 235.682 4224241
90.9406 0.745425 235.77 5433448
91.0156 0.74604 236.223 4184116
91.0549 0.746362 236.594 1850540
91.1134 0.746841 236.674 3845793
91.1892 0.747463 236.758 1999721
91.3908 0.749115 236.951 1490740
92.2882 0.756471 236.993 4190110
92.3241 0.756765 237.429 4175522
92.3579 0.757043 237.793 5574558
92.7633 0.760365 238.466 7454084
92.9839 0.762173 238.603 224615
92.9922 0.762241 239.088 5354190
93.4645 0.766113 239.28 1489446
93.5381 0.766716 239.296 1789279
93.7476 0.768433 239.483 4613129
94.0897 0.771237 239.515 3891560
94.8791 0.777708 239.876 3908336
94.8881 0.777782 240.051 5012278
94.9203 0.778046 240.075 3897129
95.0836 0.779384 240.207 4191889
95.4004 0.781981 240.235 5656262
95.4053 0.782022 240.247 4183299
95.4351 0.782266 240.441 4184021
95.4457 0.782352 240.725 4776666
96.2331 0.788807 240.74 3771053
96.2493 0.788939 241.371 6140986
96.2645 0.789064 241.408 5679912
96.3103 0.789439 242.535 6513834
97.3267 0.797771 242.818 2058078
97.8817 0.80232 242.972 3908793
97.9379 0.80278 243.113 7324622
98.0301 0.803537 243.318 4070526
98.045 0.803659 244.475 4347997
98.0529 0.803723 244.619 2086185
98.4328 0.806837 244.655 3848579
98.4881 0.80729 245.056 3908476
98.5592 0.807873 245.51 3891720
98.5811 0.808053 245.806 5573497
98.5988 0.808198 246.079 3740345
98.6331 0.808479 246.367 7284304
98.6472 0.808595 246.424 4183194
98.6929 0.80897 246.489 6408452
98.9355 0.810958 246.493 4193088
98.9943 0.81144 246.917 7632120
101.056 0.828337 247.111 3907977
101.162 0.829212 247.38 3850063
103.255 0.846364 247.963 119521
103.266 0.846453 248.296 7771219
103.278 0.846549 248.498 7483831
103.808 0.850894 249.115 6303565
103.906 0.851698 249.305 1370037
103.943 0.852005 249.344 3055950
106.078 0.869501 249.71 4119615
106.216 0.870635 250.216 3658584
106.221 0.870676 250.567 3740479
106.251 0.870923 251.462 7810871
106.301 0.871331 251.518 3740591
106.333 0.871598 252.353 3842908
106.358 0.871797 252.562 2002794
106.436 0.872438 253.547 3907870
106.523 0.87315 254.212 1725065
106.544 0.873323 254.704 4067521
106.565 0.873496 254.893 7820300
107.21 0.878779 255.172 1906816
107.246 0.879081 255.262 3908112
107.254 0.879146 255.446 224553
107.268 0.879261 255.527 3740871
107.316 0.879654 255.6 3908534
107.379 0.880167 256.385 7602085
107.423 0.880531 256.766 5573928
107.438 0.880651 256.834 3890408
107.447 0.880722 257.001 4184201
107.457 0.880811 257.065 7179580
107.484 0.881026 257.338 3740716
107.544 0.881521 257.566 1723945
107.637 0.882282 257.812 1916008
108.028 0.885485 257.953 8018025
108.096 0.886044 258.438 3740103
108.147 0.886466 258.854 3512198
108.154 0.886517 258.954 4175769
108.214 0.887011 258.999 3897130
108.27 0.887467 259.113 1723946
108.33 0.887967 259.32 324376
108.372 0.888304 259.407 3885098
108.387 0.888432 259.659 44677
108.548 0.889749 260.652 2109630
108.606 0.890222 261.054 2043519
108.619 0.89033 261.286 1999979
108.669 0.890744 261.354 7119455
108.78 0.891648 261.577 1186647
108.789 0.891729 262.637 4355529
108.857 0.89228 262.89 64304
108.948 0.893025 263.109 4704459
109.051 0.893872 263.992 3841015
109.061 0.893956 264.022 1915942
109.077 0.894089 264.115 3859331
109.097 0.894247 264.27 7484378
109.12 0.894437 264.865 1999971
109.193 0.895038 265.023 88046
110.17 0.903044 266.853 1845252
110.202 0.903304 267.299 5985849
110.243 0.903644 268.036 3986266
111.014 0.909967 268.127 2258306
111.033 0.910121 268.582 3929005
111.066 0.910393 269.278 1290252
111.078 0.910491 269.329 1907879
111.081 0.91051 269.608 5680327
111.221 0.911659 270.066 1023166
111.271 0.912067 270.251 6273149
111.29 0.912224 271.015 4827683
111.766 0.916123 271.111 4191400
111.799 0.916401 271.447 4068981
111.827 0.916627 271.519 3893340
111.947 0.917613 271.593 3740916
112.1 0.918865 272.112 4820325
112.108 0.918931 272.218 3740636
112.148 0.919261 273.116 7453753
112.428 0.921554 273.153 2001445
112.83 0.924845 273.32 7516542
112.849 0.925006 273.733 3740761
112.951 0.925844 273.779 5694972
112.955 0.925875 274.034 3192809
113.044 0.926606 274.698 3907672
113.063 0.926762 275.048 4181977
113.179 0.927707 275.463 1537852
113.277 0.928509 277.026 4736421
113.298 0.928684 277.309 3767932
113.314 0.928817 277.525 7323268
113.333 0.928975 277.551 3231719
113.352 0.929129 277.774 1722736
113.365 0.929233 278.115 4276230
113.423 0.929707 278.14 4192456
113.433 0.929788 278.65 3739704
113.442 0.929865 278.705 3770287
113.509 0.930418 278.787 7264220
113.521 0.930511 278.824 1453933
113.761 0.932481 279.348 3770299
113.784 0.932669 279.84 1967832
113.865 0.933333 280.601 3861037
113.888 0.933524 280.915 3740610
113.9 0.933621 281.127 3886738
113.988 0.934337 281.965 7534057
114.025 0.934647 282.31 3740915
114.039 0.93476 282.798 5943524
114.068 0.934995 283.23 2747045
114.083 0.935119 283.422 1425032
114.101 0.935264 283.548 3986646
114.218 0.936226 284.091 7318278
114.549 0.938939 284.981 3908338
114.563 0.93905 285.072 1913649
114.58 0.939191 285.18 1118931
114.617 0.939497 285.665 1815484
114.647 0.939739 286.883 197007
114.746 0.940551 287.007 5655967
114.891 0.941741 287.151 4191042
114.921 0.94199 287.496 4187796
114.947 0.942201 287.79 7887338
114.981 0.942476 288.169 3885023
115.04 0.942962 288.411 3986197
115.336 0.945387 288.659 1849242
115.425 0.946123 289.423 5357928
115.541 0.947073 289.476 3740515
115.55 0.947142 289.625 5434462
115.594 0.947501 289.823 4123851
115.764 0.9489 291.835 1851220
115.791 0.94912 291.939 3930397
115.877 0.949825 293.607 1136465
115.89 0.949934 293.908 5453601
115.913 0.950117 294.193 1999743
115.927 0.950232 294.285 1907592
115.955 0.950462 294.781 2059684
116.007 0.950887 294.971 4574986
116.083 0.951512 296.408 6581883
116.123 0.951844 297 5691933
116.132 0.951914 297.512 4183919
116.359 0.953776 297.537 3770281
116.385 0.953986 297.588 2381082
116.793 0.957332 298.028 3887416
116.828 0.95762 299.614 1914897
116.876 0.958009 299.922 3740717
116.89 0.958127 300.561 3736054
117.012 0.959127 301.925 3908223
117.024 0.959223 302.6 7533592
117.326 0.9617 302.916 3769989
117.428 0.962538 303.533 3885611
117.452 0.962738 303.558 3990806
117.475 0.96292 304.186 4006159
117.585 0.963826 304.484 3771048
117.616 0.964082 304.502 7531650
117.629 0.964184 304.992 3849434
117.675 0.964564 305.965 98424
117.682 0.964618 305.97 6246756
117.81 0.965668 306.468 3770109
117.819 0.96574 307.336 3894293
117.869 0.966152 307.818 7385948
117.894 0.966361 307.851 1580842
118.31 0.969769 308.018 187198
118.329 0.96992 308.587 1786326
118.569 0.971891 309.05 7771098
118.583 0.972005 309.589 7524148
118.635 0.97243 309.807 3768349
118.714 0.973078 311.716 2508599
118.769 0.973532 312.312 7770793
118.828 0.974016 312.94 7037130
118.844 0.974142 313.92 1684955
118.863 0.974303 314.068 1971060
118.894 0.974553 314.224 1916941
118.908 0.974671 314.582 3740729
118.979 0.975251 314.837 3906749
119.123 0.976428 315.124 2001436
119.138 0.976554 315.314 2040145
119.326 0.978094 315.366 4120187
119.404 0.978731 315.577 224938
119.452 0.97913 315.624 3769526
119.47 0.979275 315.995 7544913
119.506 0.979571 316.059 5567465
119.521 0.979693 316.523 3772602
119.55 0.979933 317.611 1424264
119.601 0.980347 317.626 1906692
119.629 0.980577 318.421 6272998
119.719 0.981319 318.662 2001836
119.803 0.982002 319.428 2001401
119.816 0.982109 319.485 1723249
119.831 0.982239 319.488 3231558
119.923 0.982988 320.2 2044269
119.972 0.983389 322.785 3770654
119.988 0.983519 322.891 3907996
120.042 0.983963 323.548 3740236
120.063 0.984134 323.999 2010537
120.121 0.98461 324.189 1967731
120.183 0.985117 324.574 6748188
120.211 0.98535 324.732 1276611
120.218 0.98541 326.117 3851203
120.249 0.985665 326.467 3690051
120.281 0.985925 327.821 4787898
120.312 0.986174 327.917 3740344
120.351 0.986494 328.992 6139762
120.367 0.986625 329.464 2900841
120.397 0.986878 332.771 4535986
120.408 0.986962 333.217 1789409
120.441 0.987238 333.855 4323035
120.455 0.987352 336.281 3740615
120.492 0.98765 336.868 7482441
120.509 0.98779 337.812 4576642
120.535 0.988002 338.536 4733879
120.557 0.988188 339.129 4488543
120.579 0.988363 339.175 1580110
120.618 0.988685 340.11 1276520
120.628 0.98877 341.369 4175698
120.637 0.988841 341.435 1908538
120.643 0.988891 343.626 6400762
120.657 0.989003 346.657 5431926
120.705 0.9894 346.71 3739205
120.725 0.989565 347.127 3280360
120.829 0.990419 347.894 3770086
120.845 0.99055 349.609 3889817
120.89 0.990916 351.022 3843780
120.9 0.991001 351.657 5764413
120.953 0.99143 351.727 3740697
120.988 0.991718 352.226 1790112
121.007 0.99187 353.252 1909766
121.03 0.99206 355.575 1999865
121.081 0.99248 355.826 4574203
121.104 0.992672 355.861 7425878
121.161 0.993134 357.058 3739129
121.175 0.993255 357.67 3739933
121.199 0.993448 358.776 1406568
121.245 0.993828 360.514 1908356
121.259 0.99394 360.584 4189444
121.28 0.994115 366.242 3986520
121.302 0.994289 366.837 4068350
121.317 0.994413 367.743 6888089
121.35 0.994686 367.772 1578023
121.377 0.994908 368.636 3740588
121.392 0.995034 371.3 6273148
121.445 0.995467 375.763 4187445
121.463 0.995614 376.329 3885379
121.478 0.995734 378.629 3055875
121.501 0.995925 379.799 3740798
121.533 0.996187 383.549 3770980
121.542 0.996257 387.76 3741142
121.562 0.996428 387.942 3740590
121.575 0.996526 388.321 1722690
121.583 0.996593 389.798 2041363
121.597 0.996714 393.903 68164
121.605 0.996772 394.504 3740584
121.66 0.997228 395.268 3739209
121.673 0.997331 395.739 1785460
121.69 0.997474 397.034 101715
121.701 0.997567 403.391 2058113
121.712 0.997654 404.985 1850508
121.732 0.997815 407.057 6404528
121.778 0.998191 409.048 1370038
121.801 0.998382 410.286 3849579
121.805 0.998413 410.496 3739346
121.812 0.998472 412.559 6742012
121.862 0.998879 416.246 4708573
121.878 0.999014 434.502 7459964
121.905 0.999236 435.528 7426435
121.917 0.999335 439.392 4275529
121.929 0.999433 441.798 1999942
121.942 0.999538 459.259 2348343
121.954 0.999639 476.682 1908070
121.961 0.999696 480.896 62550
121.985 0.999888 489.094 2058356
121.996 0.99998 500.975 7334398
121.998 1 606.331 6102373
