Unknown 4 719 719 719 719 float/unsigned
CumulativeMeasure | CDF | Dose | TetraID
0.00674717 5.53055e-05 0.470356 4179566
0.0177189 0.000145239 0.486067 6849755
0.0200843 0.000164628 0.762996 5680327
0.0353684 0.000289909 0.847182 6850150
0.0523228 0.000428881 1.1882 4523609
0.0596632 0.00048905 1.2285 3956768
0.0636368 0.00052162 1.46512 4174368
0.0735986 0.000603276 1.61042 4355529
0.0819905 0.000672063 1.97413 6850074
0.0966291 0.000792053 1.98328 5349236
0.102349 0.000838934 2.1377 5349185
0.110649 0.000906976 2.44936 5354190
0.119345 0.000978248 2.57322 4174518
0.127469 0.00104484 2.58504 3232055
0.138282 0.00113348 2.64754 5433447
0.145966 0.00119646 2.8648 5544949
0.205776 0.00168671 3.1091 3232847
0.216193 0.0017721 3.17625 5764413
0.229817 0.00188377 3.31983 4277824
0.242011 0.00198372 3.80208 4175688
0.260546 0.00213566 3.94453 5680321
0.268903 0.00220415 4.2238 5434462
0.282365 0.0023145 4.32543 3897733
0.288928 0.0023683 4.71281 3230932
0.297607 0.00243944 4.7753 3896043
0.320569 0.00262765 4.91909 4175699
0.332691 0.00272701 5.24572 145276
0.337649 0.00276765 5.24854 4183299
0.348124 0.00285352 5.62221 4175698
0.360368 0.00295388 5.73184 4665716
0.368706 0.00302222 5.83621 5680580
0.376271 0.00308423 6.04472 4277914
0.38175 0.00312914 6.43971 972097
0.410094 0.00336147 6.6856 6763953
0.423023 0.00346745 6.70747 5943783
0.436907 0.00358125 6.88855 3898176
0.450412 0.00369196 7.13653 6849657
0.471877 0.0038679 7.16875 3897134
0.491209 0.00402636 7.17531 3231719
0.501707 0.00411241 7.38641 5765452
0.517833 0.00424459 7.51843 5433634
0.525059 0.00430383 7.65666 6273992
0.54861 0.00449686 7.71117 1406568
0.575543 0.00471763 7.83701 5011633
0.59141 0.00484769 8.00275 3377587
0.617239 0.0050594 8.04904 7645678
0.632734 0.00518642 8.36627 55359
0.657103 0.00538617 8.37765 31160
0.67867 0.00556294 8.44191 6850133
0.717987 0.00588522 8.62538 1850540
0.741207 0.00607556 8.62573 5605172
0.753609 0.00617721 8.83491 3901927
0.781499 0.00640582 8.95185 5953996
0.801837 0.00657252 9.05065 4183363
0.834307 0.00683868 9.09657 5432267
0.850147 0.00696852 9.11028 3734185
0.864239 0.00708403 9.14501 665112
0.958139 0.00785371 9.49413 5345878
0.9818 0.00804766 9.67537 4669270
1.03654 0.00849637 9.74405 6850390
1.17848 0.00965979 9.90826 5680127
1.1986 0.00982476 9.98505 4354294
1.32641 0.0108724 10.074 1762207
1.34113 0.010993 10.1789 4771801
1.36217 0.0111655 10.4234 4754062
1.49028 0.0122156 10.5019 5680293
1.5065 0.0123486 10.5135 4016207
1.51231 0.0123961 10.5978 3414686
1.52626 0.0125105 10.7597 4858012
1.53602 0.0125905 10.7714 3232229
1.54737 0.0126836 10.7957 1453933
1.58946 0.0130285 10.8206 7723693
1.62906 0.0133531 10.9185 4104639
1.82751 0.0149798 10.9231 5574387
1.8995 0.0155699 10.941 4182726
2.03548 0.0166845 10.944 5574318
2.07432 0.0170028 11.0135 5682109
2.08107 0.0170582 11.2275 3229921
2.1166 0.0173495 11.2409 4174766
2.17909 0.0178616 11.3608 3897198
2.25307 0.0184681 11.6414 16991
2.67296 0.0219098 11.6445 7632286
2.71239 0.022233 11.6635 5680285
2.73046 0.0223812 11.7279 6765012
2.74297 0.0224837 11.7809 4175276
2.8352 0.0232397 11.907 621345
2.88293 0.0236309 11.9185 5347116
3.09029 0.0253306 11.9483 4175281
3.10481 0.0254496 11.9785 5572845
3.15863 0.0258908 12.0008 4174215
3.2539 0.0266717 12.0684 7632017
3.26814 0.0267884 12.1078 5574627
3.28052 0.0268899 12.1552 3957019
3.87734 0.0317819 12.1685 5432069
4.11153 0.0337016 12.3324 3959218
4.16229 0.0341176 12.3651 4862410
4.17904 0.0342549 12.4013 3231800
4.23434 0.0347082 12.524 5007663
4.46469 0.0365964 12.5562 4182371
4.47057 0.0366446 12.6017 3232155
4.48637 0.036774 12.6219 1531434
4.52288 0.0370733 12.6575 3897412
4.60179 0.0377201 12.7154 4104874
4.61452 0.0378245 12.7447 4277608
4.69 0.0384432 12.8734 6994587
4.69749 0.0385046 12.8762 5680292
4.72385 0.0387206 12.8808 2382004
4.86488 0.0398767 12.9158 6479348
5.11117 0.0418954 13.0193 7258310
10.1886 0.0835146 13.0653 3898379
10.4123 0.0853483 13.0923 4175479
10.4279 0.0854754 13.28 4183948
10.9822 0.0900195 13.281 3897801
11.117 0.0911244 13.2912 5574480
11.192 0.0917394 13.3352 4104166
11.2058 0.0918524 13.3672 5943524
11.2769 0.0924346 13.4086 3232044
11.2927 0.0925643 13.4328 664403
11.4138 0.0935567 13.4984 5432841
11.4363 0.0937415 13.5101 7550729
11.6244 0.0952831 13.5722 5432698
11.6466 0.0954653 13.5807 4779764
15.0109 0.123042 13.5843 5574486
15.0198 0.123115 13.6142 4752296
15.1778 0.12441 13.617 7632125
15.1955 0.124555 13.6424 5680505
15.2105 0.124678 13.6702 4347997
15.2441 0.124953 13.9175 5944033
15.6276 0.128097 14.1355 4771778
17.7836 0.145769 14.2089 4771304
17.7994 0.145899 14.2168 3231558
18.8241 0.154298 14.2273 5680234
18.8516 0.154523 14.2425 5682858
18.855 0.154552 14.2524 5680320
19.2687 0.157943 14.2534 3898118
19.283 0.15806 14.326 5574414
19.3198 0.158361 14.4274 5489673
19.4994 0.159833 14.4334 6996395
19.5275 0.160064 14.4376 3896349
19.655 0.161109 14.4402 4175173
19.6649 0.16119 14.4424 3231553
23.1152 0.189471 14.4983 7642221
23.5149 0.192747 14.5259 3544219
23.528 0.192855 14.5305 954410
23.574 0.193232 14.6103 3235711
24.2452 0.198734 14.6423 5574732
25.1232 0.205931 14.6849 2117767
25.1482 0.206136 14.8372 5431826
25.1855 0.206441 14.9729 5432134
25.3559 0.207838 15.0394 3897993
25.4161 0.208332 15.041 3897130
25.5664 0.209564 15.0432 3896739
25.7338 0.210936 15.0461 5006377
26.2219 0.214936 15.0469 6767441
26.2367 0.215058 15.0936 5431563
26.2842 0.215447 15.194 6849967
27.2123 0.223055 15.2186 4672439
27.298 0.223757 15.2717 5574409
27.3926 0.224532 15.2832 4018808
27.4341 0.224873 15.3157 6842996
27.4491 0.224996 15.4192 3957021
27.4869 0.225306 15.4706 1602676
31.2674 0.256294 15.5281 3229793
31.352 0.256987 15.5384 4858290
32.025 0.262504 15.5667 6849743
32.0601 0.262792 15.5668 3231287
32.075 0.262914 15.5904 3232287
32.0835 0.262984 15.6064 4183919
32.5668 0.266945 15.6211 4104620
32.5845 0.26709 15.6446 7151496
35.4045 0.290205 15.6695 4572376
36.8274 0.301868 15.6833 5433212
36.84 0.301972 15.7319 3231668
36.8766 0.302271 15.7478 3901266
36.9042 0.302498 15.848 6765344
36.9256 0.302673 15.8696 2497073
36.9753 0.30308 15.9118 4175319
37.0715 0.303869 15.9198 7030731
38.3948 0.314716 15.9242 1532774
38.4258 0.31497 15.9643 4180863
38.9232 0.319047 16.0374 3900481
38.933 0.319127 16.086 3898412
38.9521 0.319284 16.1163 3957376
38.9965 0.319648 16.1594 5573928
39.0349 0.319963 16.3233 6849428
39.045 0.320046 16.3463 4771429
39.2599 0.321807 16.4944 5680005
39.4015 0.322968 16.7371 3896668
39.5479 0.324168 16.7637 6352497
39.5638 0.324298 16.7652 3896583
40.1775 0.329328 16.8031 4855689
40.2339 0.329791 16.8825 7645429
40.2681 0.330071 16.9089 5679849
40.553 0.332407 16.9093 2117786
40.6187 0.332945 16.9636 7646202
41.3358 0.338823 17.1692 730981
41.3495 0.338935 17.2069 4858236
41.3685 0.339091 17.2169 4181977
41.4856 0.340051 17.3402 3229962
42.0027 0.344289 17.3697 4174812
42.7085 0.350074 17.3995 812361
46.2536 0.379133 17.4194 3897603
46.3472 0.3799 17.492 6849438
46.3649 0.380045 17.536 3898433
46.4258 0.380544 17.68 4672723
46.4761 0.380957 17.7935 3957254
47.0826 0.385928 17.9552 5910133
47.1134 0.386181 17.9769 6850109
47.1309 0.386324 17.979 5432866
47.2285 0.387124 17.9897 3895884
47.474 0.389137 18.1031 4183365
47.5076 0.389412 18.205 4178216
47.5482 0.389745 18.3196 5691933
47.6712 0.390753 18.3562 6850391
47.7476 0.391379 18.3852 3939867
47.7828 0.391668 18.4921 4276948
47.861 0.392309 18.4955 7330665
47.8823 0.392484 18.5692 4182803
47.9259 0.392841 18.7155 7202286
47.9346 0.392912 18.7536 4184201
47.9879 0.393349 18.795 6237667
48.3962 0.396696 18.8264 5433239
48.4597 0.397216 18.8518 6761450
48.7631 0.399703 18.8585 6959402
48.8035 0.400034 19.0835 5679803
48.8616 0.400511 19.0979 7654296
48.8879 0.400726 19.1021 3898627
48.938 0.401137 19.1229 3902840
48.9932 0.401589 19.1405 3872970
49.0146 0.401765 19.1789 4858024
49.0597 0.402135 19.1804 3901501
49.0713 0.40223 19.2807 4355400
49.0869 0.402357 19.3857 3897700
49.1458 0.40284 19.4931 5431724
49.3457 0.404479 19.5144 4774896
49.3596 0.404593 19.693 4771209
49.4468 0.405307 19.6945 5574411
49.4731 0.405523 19.7136 3804160
49.5061 0.405793 19.7561 5679913
49.5532 0.406179 19.8461 4275950
49.5742 0.406352 19.8886 7820300
50.2286 0.411716 19.908 3955600
50.2506 0.411896 19.9769 4771465
50.2596 0.41197 19.9894 6898662
50.2677 0.412036 20.2217 5431604
50.2836 0.412166 20.2541 4671703
50.3742 0.412909 20.2836 5432643
50.5288 0.414176 20.328 4175701
50.6445 0.415125 20.329 4172832
50.7192 0.415737 20.365 6850813
53.1734 0.435854 20.3874 4104133
53.184 0.43594 20.4076 4776666
53.1962 0.436041 20.6268 4770871
53.2207 0.436241 20.6576 4103834
53.446 0.438088 20.7177 5565405
53.479 0.438359 20.7849 5691415
53.6173 0.439492 20.8891 3658584
53.9138 0.441923 20.9116 4856059
53.9472 0.442196 20.9536 5433448
54.0467 0.443012 21.0032 6849951
55.1812 0.452311 21.1523 4179434
55.2042 0.4525 21.2404 5680294
55.3202 0.453451 21.6481 622069
55.548 0.455318 21.6767 5433854
55.5736 0.455528 21.7032 4772228
55.8554 0.457838 21.7305 3231460
56.3663 0.462025 21.8572 4771846
56.4204 0.462469 22.0766 6767428
56.4565 0.462765 22.1302 5567465
56.4628 0.462816 22.1519 4175769
56.6639 0.464464 22.2865 4771936
56.6802 0.464598 22.3315 7150627
56.7147 0.464881 22.3799 4177168
56.8614 0.466084 22.5304 3896279
56.8741 0.466187 22.669 4276230
56.8874 0.466296 22.688 5453601
56.9196 0.466561 22.7641 3897129
56.9317 0.46666 22.7776 3896640
57.0001 0.46722 23.1651 3897650
57.0333 0.467493 23.4422 1290252
57.0601 0.467713 23.5075 4175687
57.0798 0.467874 23.5082 7631892
57.0946 0.467995 23.5747 4103232
57.135 0.468326 23.6525 6849956
57.208 0.468925 23.6584 3306534
57.2667 0.469406 24.1468 4391372
57.3256 0.469888 24.1858 7632120
57.3433 0.470034 24.1903 5680322
57.4776 0.471134 24.251 4864300
57.5144 0.471436 24.282 5680101
57.6615 0.472642 24.3387 4276684
57.7895 0.473691 24.6155 4177263
57.8802 0.474435 24.6462 4178895
57.9521 0.475024 24.7317 5353992
57.9861 0.475303 24.9863 3231352
58.008 0.475482 25.0186 5574430
58.153 0.476671 25.2183 5433851
58.1865 0.476945 25.3539 4278132
58.2014 0.477067 25.5624 2117768
58.232 0.477318 25.5837 5680002
58.5202 0.479681 25.6786 4861597
58.6335 0.480609 25.6792 1454791
58.7169 0.481293 25.8426 5431925
58.7467 0.481537 25.8818 4184021
58.7642 0.48168 25.941 3897830
58.7742 0.481763 26.0601 6559114
58.8327 0.482242 26.0722 4776851
58.9108 0.482882 26.2482 3957306
58.9363 0.483091 26.4443 3231444
59.0354 0.483904 26.4619 3945292
59.2122 0.485353 26.4793 3899450
59.2231 0.485442 27.369 5219513
59.2387 0.48557 27.7193 4769199
59.2542 0.485697 27.7703 3897366
59.2678 0.485808 27.7991 3899012
59.2806 0.485914 27.942 6850132
59.3096 0.486151 28.0358 4772767
59.3336 0.486348 28.1146 5943825
59.3442 0.486435 28.4954 140559
59.3783 0.486714 28.8445 6764521
59.4818 0.487562 29.0128 4181649
59.5214 0.487887 29.0255 663933
59.5351 0.488 29.0884 5431926
59.5428 0.488063 29.223 3899099
59.5767 0.48834 29.3098 5574558
59.7946 0.490126 29.6101 620058
59.8259 0.490384 29.892 5432742
59.8511 0.49059 30.3708 5680506
59.8796 0.490824 30.5947 3957048
59.9137 0.491103 30.7486 4175278
59.9406 0.491324 30.8229 5193417
59.9633 0.49151 30.9079 4177230
59.9866 0.4917 30.9448 4355721
59.9904 0.491732 31.3231 3192809
59.9986 0.491798 31.8854 3897500
60.1101 0.492713 32.0253 5765269
60.1358 0.492923 32.2948 7887338
60.151 0.493048 33.1358 5679912
60.1657 0.493169 33.4854 4854631
60.1832 0.493312 33.5517 6457475
60.3521 0.494696 33.6153 7546008
60.4359 0.495383 34.4613 5163788
60.4483 0.495485 34.8525 4477578
60.476 0.495712 35.3878 6939639
60.5223 0.496092 35.565 98424
60.5322 0.496172 35.7715 6849974
60.5382 0.496222 35.9247 5571553
60.6132 0.496837 36.0572 4184116
60.6696 0.497299 36.1023 7461971
60.7107 0.497636 36.7317 5572467
60.7386 0.497865 39.0313 6495933
60.7527 0.49798 39.3101 4183194
60.7597 0.498037 40.8138 5432188
60.7866 0.498258 40.8204 3896496
60.846 0.498745 40.8554 7631185
60.8802 0.499025 44.752 4670548
60.8957 0.499152 46.059 880374
60.9176 0.499332 48.4901 5573497
60.9241 0.499385 49.1401 3060941
60.9429 0.499539 51.3909 1498877
60.9603 0.499681 51.7245 4774847
60.9724 0.499781 51.9291 4275529
60.9795 0.499839 53.3859 3898145
60.9951 0.499967 57.1802 44677
61.031 0.500261 57.7748 4175522
61.036 0.500302 74.0145 3740479
61.05 0.500417 77.1572 3740871
61.0564 0.500469 80.3004 3895621
61.074 0.500614 82.7572 3740345
61.0872 0.500722 85.4313 1999979
61.1106 0.500914 87.206 3740798
61.1215 0.501003 90.2347 7771219
61.1458 0.501202 93.7432 4191715
61.1537 0.501267 105.1 1665291
61.1674 0.501379 105.481 7801708
61.1862 0.501533 110.065 1722736
61.279 0.502294 110.65 1916008
61.3061 0.502516 113.407 3740588
61.3196 0.502627 113.629 1913649
61.3294 0.502707 115.781 1915646
61.3456 0.50284 117.212 7323268
61.3718 0.503055 119.574 3740716
61.3865 0.503175 119.685 3890408
61.4305 0.503536 120.088 6406378
61.4426 0.503635 120.94 3739814
61.4697 0.503857 121.227 7517412
61.5001 0.504106 121.271 4187796
61.5094 0.504183 121.912 7517598
61.5255 0.504314 121.995 2900841
61.5426 0.504455 123.769 7532430
61.552 0.504531 125.223 3770287
62.1517 0.509447 125.394 3908886
62.1609 0.509523 126.068 5656718
62.9173 0.515723 127.456 3907880
63.3897 0.519595 128.043 1489446
64.0014 0.524609 129.288 3770290
64.7888 0.531064 129.486 3771053
66.3865 0.54416 129.889 3769928
71.4615 0.585758 130.365 1489586
71.4735 0.585857 130.947 1999942
71.5381 0.586386 131.299 1971021
71.6449 0.587261 133.269 3850063
71.6522 0.587322 133.443 3851203
73.2246 0.60021 133.842 3770297
73.2397 0.600334 133.869 1425032
73.3431 0.601181 134.49 3841015
73.3727 0.601424 135.231 1916755
73.4277 0.601874 135.238 1725567
74.6628 0.611999 135.59 3770369
74.7691 0.61287 136.152 722530
74.803 0.613148 136.388 4068981
74.8216 0.6133 136.442 1909766
74.8299 0.613368 136.498 3739877
75.4353 0.618331 136.564 3770237
75.4536 0.618481 137.691 1786326
75.4888 0.618769 137.798 1914897
75.5473 0.619249 138.639 3845793
75.5765 0.619488 138.953 1424264
75.5937 0.619629 138.967 3986467
79.2186 0.649342 139.098 1490579
80.6797 0.661319 139.805 1489573
80.7187 0.661638 139.933 6139762
80.7399 0.661812 140.868 3740191
80.7464 0.661865 141.359 6246756
81.0633 0.664462 141.81 5656262
81.7342 0.669962 142.5 7117306
81.7475 0.670071 143.509 4121425
82.764 0.678403 143.883 2058078
82.8323 0.678963 144.071 3740202
82.8628 0.679213 144.157 1916941
82.9664 0.680062 145.913 1490106
85.8075 0.70335 145.929 3908604
85.8266 0.703507 146.315 4827683
85.8584 0.703767 146.336 4787898
85.8859 0.703993 146.685 3893340
85.9098 0.704189 146.763 3772115
86.2897 0.707303 146.8 3848579
86.334 0.707665 146.894 3908602
86.3502 0.707798 147.368 6140986
86.4384 0.708521 147.4 3885594
86.4686 0.708769 148.521 7810871
86.4943 0.70898 148.604 3740872
86.502 0.709042 149.145 4575100
88.8536 0.728319 149.269 1971059
88.8666 0.728425 149.775 1723249
89.272 0.731748 149.895 7454084
89.6628 0.734951 149.917 8018025
90.1929 0.739296 150.293 6303565
90.4022 0.741012 150.678 5225803
90.4141 0.741109 150.939 6312171
90.428 0.741224 150.954 3740615
90.4683 0.741554 151.586 441812
90.7243 0.743652 151.631 6139137
90.7718 0.744041 152.09 3740717
91.1011 0.746741 152.115 6407459
91.2033 0.747579 152.152 3885611
91.2247 0.747754 152.505 3986520
91.5668 0.750558 152.782 3891560
91.6071 0.750888 152.862 7453753
91.6188 0.750984 153.511 7533592
92.5677 0.758762 153.639 3740560
92.5846 0.758901 153.798 3739825
92.7619 0.760354 153.869 4126023
92.8725 0.76126 154.721 3771048
92.9747 0.762098 154.751 5694972
93.0226 0.762491 154.897 3908534
95.1151 0.779643 155.199 119521
95.1283 0.779752 155.463 197820
95.3709 0.78174 155.491 4193088
95.4468 0.782362 155.831 1999721
95.4664 0.782522 155.974 6404528
95.7536 0.784876 156.632 3908885
95.7732 0.785038 157.192 1971060
95.7844 0.785129 157.325 7334398
97.9189 0.802625 157.456 4119615
97.9864 0.803178 157.597 7264220
97.997 0.803265 158.254 3740295
98.0467 0.803673 158.655 3740591
100.29 0.822058 158.815 3885736
100.305 0.82218 159.534 3772602
101.411 0.831249 159.714 6349190
101.445 0.831525 159.724 3885023
101.501 0.831985 160.056 7324622
101.521 0.832152 160.191 1851124
101.54 0.832306 160.838 3929005
101.547 0.832362 161.624 2109995
101.614 0.832912 161.788 64304
101.626 0.83301 162.087 3886738
101.644 0.833158 162.512 3740466
102.288 0.838441 162.865 1906816
102.334 0.838816 163.181 6408452
102.397 0.839329 163.444 7602085
102.952 0.843877 163.502 3908793
103.283 0.84659 163.777 3908338
103.361 0.847231 164.248 3907870
103.601 0.849201 165.113 3770299
103.662 0.849701 165.285 324376
103.675 0.849809 165.354 7601246
103.803 0.850859 166.089 3770109
103.818 0.850977 166.287 3740729
103.835 0.851122 166.667 737863
103.843 0.851184 168.073 2058249
104.74 0.85854 168.262 4190110
104.981 0.86051 168.708 7510561
105.091 0.861414 168.975 1186647
105.118 0.861639 169.569 64293
105.264 0.862829 169.838 4191042
105.301 0.863131 170.178 3908112
105.338 0.863439 170.216 3055950
105.548 0.865156 170.334 4613129
105.621 0.865759 170.535 1789279
105.694 0.86636 170.791 88046
105.711 0.866493 170.878 3859331
105.752 0.866834 171.208 3986266
105.838 0.86754 171.357 243143
107.9 0.884437 171.643 3907977
108.022 0.885437 172.039 3908223
108.045 0.885631 172.168 6741421
108.303 0.887742 172.206 7116870
108.353 0.88815 172.214 6273149
108.371 0.888297 172.379 3885379
108.39 0.888455 172.411 7484378
108.425 0.888745 172.414 4120133
108.613 0.890285 172.642 4120187
108.669 0.890741 172.869 1723946
108.719 0.891155 173.476 1906692
108.742 0.891338 174.688 4006159
108.751 0.89141 174.766 3894293
108.83 0.892061 174.949 3052978
109.057 0.893923 175.305 3770281
109.107 0.894334 175.313 7385948
109.583 0.898233 175.44 4191400
109.687 0.899086 176.144 3770086
109.701 0.899198 176.256 4189444
109.788 0.899911 176.291 1725065
109.809 0.900086 177.383 1580110
110.598 0.906557 177.389 3908336
110.714 0.907507 177.503 3740515
110.722 0.907571 177.926 2086185
110.735 0.907675 177.944 2348343
110.787 0.9081 177.953 3768349
110.877 0.908842 177.982 2001836
110.953 0.909467 178.853 6581883
110.962 0.909538 179.474 1908538
111.033 0.910121 179.592 3891720
111.043 0.910202 179.74 3890632
111.134 0.910951 179.819 2044269
111.187 0.91138 180.132 3740697
111.282 0.91216 180.366 7344392
111.562 0.914452 180.467 2001445
111.659 0.915254 180.77 4736421
111.697 0.915559 181.148 1815484
111.709 0.915662 181.198 1785460
111.725 0.915788 181.205 1684955
111.77 0.916164 181.483 1370038
111.826 0.916619 182.296 7770793
111.871 0.916992 183.133 1343334
112.073 0.918645 183.435 1490740
112.213 0.919794 183.521 1023166
112.236 0.919983 183.814 1999971
112.477 0.921955 183.913 7771098
112.539 0.922461 184.052 6748188
112.584 0.922837 184.236 6513834
112.613 0.923072 184.479 2747045
112.665 0.923498 184.522 4574986
112.718 0.923931 184.562 4187445
112.772 0.924377 184.766 7572300
112.794 0.924551 184.797 4068350
113.096 0.927028 186.246 3769989
113.187 0.927774 186.304 4704459
113.212 0.927984 186.913 2381082
113.302 0.928715 187.308 3907672
114.278 0.93672 187.394 1845252
114.319 0.937053 187.675 3906471
114.334 0.937177 187.764 3277464
114.555 0.938985 187.886 224615
114.97 0.942393 187.977 187198
114.986 0.942525 188.628 3889817
115.147 0.943842 188.64 2109630
115.206 0.944328 188.752 3986197
115.237 0.94458 189.258 4535986
115.28 0.944932 189.443 4224241
115.289 0.945005 190.106 5012278
115.345 0.945461 190.262 3739209
115.376 0.945716 190.385 7284038
115.393 0.945861 190.438 3840698
115.41 0.945996 190.69 229982
115.426 0.946126 191.051 3907996
115.484 0.946603 191.241 1967731
115.627 0.94778 191.302 2001436
115.648 0.947951 191.585 2010537
115.681 0.948218 192.184 3842908
115.695 0.948336 192.44 3736054
115.715 0.948497 193.294 3740761
115.813 0.9493 193.518 1370037
115.863 0.949708 193.549 4708573
115.886 0.949898 193.807 3849579
115.92 0.950174 194.069 4323035
115.975 0.950627 195.014 3908476
116.065 0.951363 195.186 5357928
116.082 0.951508 195.37 7544913
116.166 0.952192 195.404 2001401
116.194 0.952422 195.786 2059684
116.221 0.952643 196.067 3052062
116.245 0.95284 196.444 3844366
116.331 0.953545 196.594 1136465
116.343 0.953647 196.725 3849434
116.355 0.95374 196.884 2058113
116.518 0.955078 197.356 4191889
116.533 0.955202 197.558 387538
116.704 0.9566 197.747 1851220
116.721 0.956745 198.179 3986646
116.749 0.956975 198.372 6272998
116.81 0.95747 198.445 1723945
116.858 0.957869 198.934 3769526
117.011 0.95912 198.996 4820325
117.11 0.959933 199.07 5655967
117.14 0.960175 199.365 197007
117.165 0.960384 200.163 1580842
117.937 0.966707 200.255 2258306
117.956 0.966865 200.49 3987447
118.004 0.967262 200.553 3739205
118.122 0.968225 200.793 7318278
118.145 0.968413 201.163 1967832
118.237 0.969169 201.391 4070526
118.318 0.969833 201.683 3861037
118.338 0.969998 201.895 3280360
118.353 0.970118 202.131 3739933
118.431 0.970756 202.346 224938
118.487 0.971218 202.795 3739129
118.519 0.97148 203.124 3770980
118.577 0.971955 203.866 4192456
118.631 0.972398 204.648 3740236
118.647 0.972533 205.035 7459964
118.651 0.972564 205.173 3739346
118.771 0.97355 205.208 3740916
118.795 0.973742 205.339 7425878
118.821 0.973955 205.559 4733879
118.831 0.974036 205.625 1939100
118.899 0.974595 206.965 3740103
118.916 0.974736 207.125 1118931
118.987 0.975316 207.544 3906749
119.004 0.975459 208.079 101715
119.035 0.975708 208.276 3740344
119.443 0.979053 208.777 3887416
119.47 0.979274 209.153 3930397
119.557 0.97999 209.432 7534057
119.615 0.980462 209.536 2043519
119.638 0.980653 211.013 3740610
119.683 0.981018 211.259 3843780
119.691 0.981089 211.794 3740504
119.807 0.982034 212.183 1537852
119.834 0.982256 212.905 7426435
120.129 0.984681 214.331 1849242
120.173 0.985041 214.639 4123851
120.213 0.985363 215.642 1276520
120.223 0.985446 216.484 1915942
120.254 0.985702 216.546 7531650
120.269 0.985828 217.138 6273148
120.28 0.985912 218.13 1789409
120.314 0.986193 218.244 7284304
120.36 0.986574 219.445 1908356
120.412 0.986995 219.629 3512198
120.429 0.98714 220.517 3386551
120.465 0.987428 220.71 1790112
120.509 0.987794 221.108 1906075
120.526 0.987934 221.281 4576642
120.537 0.988022 221.755 1850508
120.561 0.988221 221.784 2002794
120.582 0.988392 222.022 3740590
120.615 0.988665 222.962 1578023
120.646 0.988919 223.655 3690051
120.662 0.989043 224.688 6888089
120.67 0.98911 226.82 2041363
120.681 0.989199 227.835 7179580
121.082 0.99249 227.875 7516542
121.084 0.99251 229.368 6102373
121.097 0.99261 229.725 2510559
121.111 0.992724 230.641 7524148
121.134 0.992917 230.749 2058356
121.146 0.993013 230.947 7483831
121.17 0.993209 236.585 2001567
121.185 0.993335 238.88 2040145
121.226 0.993672 239.95 3885098
121.258 0.993932 240.634 5985849
121.286 0.994164 242.918 1276611
121.365 0.994812 243.603 2508599
121.377 0.994909 244.299 1907879
121.436 0.995393 248.291 7037130
121.443 0.995451 249.526 3890185
121.464 0.995624 252.286 4067521
121.476 0.995723 252.659 1787714
121.527 0.996136 252.721 7119455
121.55 0.996322 253.411 4488543
121.56 0.996404 255.394 3739704
121.572 0.996502 257.327 1722690
121.623 0.996922 260.014 4574203
121.63 0.996979 260.847 62550
121.662 0.99724 260.907 1968212
121.684 0.997422 271.645 1999743
121.707 0.997611 271.687 1999865
121.713 0.997661 272.753 6400762
121.737 0.997861 273.512 3990806
121.752 0.997981 274.156 3055875
121.788 0.998278 275.932 7482441
121.796 0.998345 276.775 3740636
121.834 0.998655 285.908 3740915
121.856 0.99883 286.691 3767932
121.863 0.998889 307.745 6742012
121.875 0.998991 312.349 1908070
121.882 0.999048 315.068 3740584
121.889 0.999101 317.168 7515765
121.938 0.999502 326.289 3770654
121.952 0.999624 329.272 68164
121.964 0.999715 348.823 3891721
121.968 0.99975 351.22 1665001
121.976 0.99982 361.1 3741142
121.984 0.999885 372.365 224553
121.998 1 373.291 1907592
