Unknown 4 358 358 358 358 float/unsigned
CumulativeMeasure | CDF | Dose | TetraID
0.00141281 4.43304e-05 0 2758133
0.00284429 8.92465e-05 0 4723395
0.00304632 9.55856e-05 0 3822600
0.00340149 0.00010673 0 3822599
0.00472947 0.000148398 0 3821079
0.00575497 0.000180576 0 2671805
0.00587939 0.00018448 0 3820222
0.0064316 0.000201807 0 2757053
0.00801753 0.000251569 0 2757364
0.00860406 0.000269973 0 3454074
0.0091296 0.000286463 0 2757597
0.00970636 0.00030456 0 2757641
0.00993375 0.000311695 0 2757642
0.0111176 0.000348841 0 3452708
0.01307 0.000410103 0 2758408
0.0136807 0.000429266 0 3453907
0.0139006 0.000436165 0 2759291
0.0148631 0.000466365 0 2760133
0.0170437 0.000534786 0 3453661
0.0174047 0.000546115 0 2761021
0.0179854 0.000564333 0 2873184
0.0189807 0.000595563 0 3452901
0.0194327 0.000609747 0 3017174
0.019861 0.000623186 0 3017184
0.0206546 0.000648088 0 3452094
0.0219698 0.000689356 0 3452917
0.0233602 0.000732983 0 3452884
0.0237022 0.000743713 0 33882
0.0243518 0.000764096 0 495985
0.0247147 0.000775483 0 160553
0.0257219 0.000807087 0.0729513 3017048
0.026272 0.000824346 0.110626 2197624
0.0266518 0.000836264 2.56662 3453624
0.0269536 0.000845732 2.82313 3453466
0.0289608 0.000908715 3.6637 3821062
0.0301445 0.000945854 4.63841 3453967
0.0318088 0.000998078 10.2369 3453625
0.0331373 0.00103976 10.6496 3452736
0.0343183 0.00107682 10.9203 2759726
0.0354251 0.00111155 13.957 2757324
0.039444 0.00123765 26.089 6201454
0.0407589 0.00127891 28.0963 2758966
0.0416608 0.00130721 29.3388 3453932
0.0422059 0.00132431 31.4484 3454072
0.0445115 0.00139665 33.8601 3180264
0.0461461 0.00144794 36.4047 3821094
0.0487683 0.00153022 39.4972 3450644
0.0495095 0.00155348 39.677 1632745
0.0628965 0.00197353 44.2535 2669748
0.0673397 0.00211294 44.4609 3821393
0.0715121 0.00224386 47.7642 2860340
0.0758409 0.00237969 49.8375 2760294
0.0773386 0.00242668 50.6711 2757393
0.0820334 0.00257399 51.2074 3453727
0.0850206 0.00266772 51.9406 3452979
4.09599 0.128521 56.5137 3055858
4.10022 0.128654 57.43 3453725
4.10379 0.128766 59.1749 2759287
8.11476 0.25462 59.3674 809643
12.1257 0.380474 63.3242 1221929
12.1273 0.380522 63.3966 2820800
12.1285 0.380559 63.6494 3453123
12.1295 0.380591 69.444 3017601
12.1304 0.380619 74.261 2758384
12.1352 0.380771 76.2842 3453217
12.1371 0.380831 76.4508 3024286
12.1409 0.380951 82.4603 6909450
12.1451 0.381081 84.2759 2757471
12.1462 0.381115 89.3 3179007
12.1471 0.381145 89.818 3452900
12.1498 0.381228 94.8535 3450932
12.1583 0.381494 99.0099 3452629
12.1598 0.381543 99.2666 2759212
12.164 0.381673 101.18 3453653
12.1874 0.382409 101.938 5081263
12.1881 0.382429 102.708 2673399
12.1949 0.382645 105.191 3450180
12.1988 0.382765 105.812 3452648
12.2022 0.382873 108.152 3453650
12.2032 0.382904 109.08 3452660
12.204 0.38293 109.656 3453016
12.2049 0.382957 115.65 3452580
12.2071 0.383027 115.996 6423114
12.2148 0.383268 119.795 2672854
12.2275 0.383668 121.183 3452376
12.2433 0.384163 124.437 6201461
12.2525 0.384452 124.858 3453826
12.2543 0.384508 126.815 2863295
12.2907 0.38565 131.294 2758261
12.2967 0.385838 133.022 2669759
12.3017 0.385994 133.114 2757689
12.3067 0.386151 135.56 2760241
12.3084 0.386205 136.975 3454041
12.3168 0.38647 137.907 3453267
12.3213 0.38661 139.722 2758588
12.3289 0.386847 139.987 3289503
12.333 0.386977 140.288 78975
12.3389 0.387163 140.819 2759676
12.3445 0.387337 141.29 174300
12.3453 0.387362 143.996 3453092
12.3803 0.388461 144.006 3288186
12.4239 0.389831 144.801 2670929
12.4254 0.389876 145.454 2864001
12.4385 0.390289 147.018 2259897
12.4479 0.390581 149.109 3453188
12.4491 0.390621 150.723 3453909
12.4521 0.390715 150.728 3452706
12.4577 0.390891 156.116 4021755
12.5245 0.392985 158.421 2860645
12.5252 0.393007 160.54 3679218
12.5309 0.393187 160.646 2757744
12.5602 0.394107 163.195 3821031
12.5689 0.394379 163.534 2869964
12.5693 0.394393 164.046 2757061
12.5708 0.394438 164.827 1498
12.5845 0.39487 166.033 2670374
12.5875 0.394964 166.308 3453026
12.5981 0.395296 166.401 2757623
12.6012 0.395393 166.672 2759818
12.602 0.395418 167 3821110
12.6031 0.395453 167.148 384277
12.6078 0.395598 167.65 3453655
12.6095 0.395655 170.596 3453664
12.612 0.39573 170.662 3451749
12.6492 0.3969 172.632 3453290
12.6521 0.396988 172.835 3821047
12.6671 0.39746 173.836 2756991
12.6746 0.397695 174.365 3452871
12.7776 0.400929 174.851 3453885
12.7934 0.401423 174.949 3452304
12.8021 0.401696 174.956 3452956
12.8088 0.401906 176.651 3821265
12.8146 0.402089 176.827 3453759
12.8193 0.402237 182.115 3452914
12.8873 0.40437 182.889 2757587
12.8908 0.40448 182.944 3454203
12.896 0.404641 183.082 174346
12.8975 0.404689 183.701 2758947
12.918 0.405333 183.8 2760424
12.9246 0.405539 183.863 5081590
12.9642 0.406782 184.176 2759142
12.9789 0.407245 184.202 2669294
13.02 0.408533 184.31 3015451
13.0235 0.408643 184.7 2670230
13.0306 0.408865 185.943 2758522
13.0723 0.410175 186.579 3452812
13.0783 0.410363 187.332 3821100
13.0999 0.411039 187.372 3821030
13.1423 0.41237 187.704 3451384
13.1461 0.412491 188.286 3453403
13.1636 0.413039 188.431 328202
13.1697 0.413231 189.048 3452355
13.1824 0.413629 189.962 2375968
13.1838 0.413673 190.173 3452626
13.1861 0.413745 190.967 2757686
13.2112 0.414533 192.12 6200472
13.2861 0.416884 192.654 5080855
13.3499 0.418884 192.901 3821544
13.4782 0.42291 193.362 3451860
13.4841 0.423095 194.27 173012
13.4929 0.423372 194.288 573271
13.4996 0.423582 194.912 3453632
13.5179 0.424156 195.149 3821097
13.5257 0.4244 197.496 2671222
13.5656 0.425653 197.534 2575227
13.5776 0.426029 197.761 3451100
13.583 0.426199 197.804 2760382
13.5992 0.426707 198.213 544820
13.7645 0.431894 198.946 3453137
13.765 0.431911 199.809 2758566
13.8566 0.434785 200.167 3453136
13.8579 0.434826 200.775 3453303
13.8616 0.434941 201.19 2759598
13.8825 0.435595 201.309 2669739
13.9145 0.436601 201.882 3452037
13.9195 0.436756 202.205 3452482
13.9386 0.437357 204.438 3454084
13.9679 0.438277 204.655 608054
13.9793 0.438634 204.699 2758990
13.985 0.438813 206.015 3453203
14.0005 0.439298 207.1 495964
14.0401 0.440543 207.963 6200460
14.0979 0.442357 208.021 2860569
14.1005 0.442438 208.583 3453467
18.1114 0.568288 208.827 7480083
18.1158 0.568425 209.919 3453404
18.1266 0.568766 210.377 3452504
18.1353 0.569039 211.222 3289979
22.1456 0.69487 212.385 809737
22.1561 0.695201 213.795 3452124
22.1778 0.695882 214.454 2756922
22.1893 0.696243 214.548 3453292
22.2007 0.6966 214.964 3452897
22.2013 0.696617 215.378 3821460
22.2307 0.69754 215.477 2758581
22.2784 0.699037 216.114 6911121
22.279 0.699055 216.27 3020249
22.2803 0.699096 218.431 3451753
22.2816 0.699139 218.806 3453036
22.3161 0.70022 220.576 3453186
26.2544 0.823793 222.22 6072380
26.2698 0.824276 222.582 6736184
26.2716 0.824335 222.951 2862334
26.2734 0.82439 225.102 3454138
26.2762 0.82448 225.72 3451815
26.3238 0.825973 225.821 3451962
26.3923 0.82812 226.263 3453494
26.4498 0.829927 227.098 3453894
26.4541 0.830061 228.847 3821054
26.472 0.830622 230.997 2670468
26.4748 0.830711 231.357 3454126
26.4759 0.830745 232.394 3821334
26.4823 0.830945 232.468 2758365
26.4994 0.83148 233.868 2758672
26.5258 0.832309 235.415 3453289
26.5269 0.832346 235.416 2862537
26.5357 0.832621 235.474 2759286
26.5371 0.832666 238.75 3451568
26.541 0.832787 239.016 3453791
26.6285 0.835534 241.323 2262810
26.6664 0.83672 242.172 2760427
26.6702 0.83684 242.326 3453731
26.6766 0.837043 243.54 3821383
26.6865 0.837352 245.498 568410
26.7106 0.83811 245.935 2756491
26.7355 0.838891 245.956 6201540
26.7409 0.839058 246.605 545350
26.7568 0.839558 247.55 3452278
26.7865 0.84049 248.225 3821052
26.8145 0.84137 248.687 2861128
26.817 0.841447 248.91 3822116
26.8247 0.841688 249.972 6733066
26.8258 0.841722 250.913 3017793
26.8275 0.841778 252.255 3453895
26.8286 0.841813 252.496 25993
26.8517 0.842536 253.94 3450616
26.876 0.8433 254.896 3451207
26.9443 0.84544 256.95 3821266
26.9517 0.845673 257.797 3452690
26.9585 0.845887 257.95 3453139
26.9715 0.846295 258.075 2673740
26.9748 0.846399 258.21 3452172
26.9759 0.846432 258.633 2172188
26.984 0.846687 259.669 6735272
26.9911 0.846911 260.355 3821096
27.014 0.84763 263.477 3820387
27.0208 0.847841 263.644 3821093
27.0256 0.847993 264.176 2758811
27.063 0.849167 265.507 3452663
27.068 0.849322 266.395 567202
27.0702 0.84939 266.806 3453330
27.1019 0.850387 268.169 3820572
27.1319 0.851327 268.275 2758580
27.1358 0.851451 269.136 2760465
27.1739 0.852647 270.459 2202236
27.1863 0.853034 271.244 2757417
27.1926 0.853232 273.367 3453210
27.1938 0.85327 273.626 2862894
27.195 0.853308 273.743 3452655
27.2095 0.853762 274.858 2673432
27.2233 0.854195 274.922 2759653
27.2307 0.854428 275.384 2760367
31.2415 0.980278 277.486 4075543
31.2454 0.9804 277.652 2670521
31.2539 0.980664 278.12 3453621
31.2546 0.980689 278.827 2760256
31.2621 0.980923 279.32 3453284
31.2717 0.981224 279.533 3821101
31.2741 0.981298 280.291 3453135
31.2792 0.98146 280.847 96616
31.2824 0.981558 281.233 3453504
31.2889 0.981762 282.229 6992342
31.2913 0.98184 282.756 4594878
31.3103 0.982434 283.108 3453592
31.3525 0.983759 283.564 6200994
31.3735 0.984418 284.699 3452895
31.3826 0.984704 285.458 2673384
31.3909 0.984963 286.984 6200222
31.4234 0.985983 287.655 3020322
31.4404 0.986517 288.14 3023537
31.4415 0.986551 290.374 3820955
31.4632 0.987231 290.989 3453022
31.468 0.987382 292.905 2261788
31.4729 0.987537 293.474 44928
31.507 0.988607 293.496 3452910
31.5257 0.989195 297.083 3452036
31.5327 0.989413 303.061 2261801
31.5348 0.989479 305.067 3015450
31.547 0.989862 305.398 2671233
31.5689 0.990549 306.047 6736185
31.5709 0.990613 306.286 2670777
31.5731 0.990682 309.346 3453294
31.5736 0.990697 309.735 3017795
31.5759 0.99077 311.581 3451495
31.5795 0.990883 312.933 3452739
31.6098 0.991834 315.335 60165
31.6216 0.992204 316.316 2870088
31.6236 0.992267 316.413 3453492
31.6293 0.992445 319.347 3452754
31.6409 0.992807 319.406 2759805
31.6469 0.992997 322.793 567986
31.65 0.993093 325.498 3453746
31.661 0.993439 329.826 3453668
31.677 0.99394 331.263 3821088
31.6868 0.994249 336.493 2759083
31.6984 0.994614 338.833 3453130
31.7107 0.995 341.608 3821032
31.7118 0.995033 346.152 1563355
31.7138 0.995095 348.071 2757249
31.7207 0.995312 353.145 1949560
31.736 0.995793 355.987 3453166
31.7545 0.996372 357.875 2758582
31.7556 0.996406 364.995 1404501
31.7563 0.99643 368.5 2672470
31.7567 0.996441 378.638 3820805
31.7588 0.996508 381.298 3287317
31.762 0.99661 389.156 2664990
31.7798 0.997167 395.028 2391320
31.7845 0.997315 396.485 2260622
31.787 0.997393 399.085 3821083
31.7879 0.99742 409.895 3820705
31.7902 0.997492 411.702 2915189
31.7952 0.997649 418.093 2757496
31.7972 0.997714 422.128 3453631
31.7982 0.997744 435.472 3821186
31.8021 0.997867 442.542 2758929
31.8066 0.998007 446.37 3017538
31.8099 0.99811 447.256 159762
31.8131 0.99821 453.988 3453479
31.8228 0.998516 460.341 2758737
31.8239 0.998551 463.227 2924099
31.826 0.998616 472.927 2859931
31.8278 0.998672 477.432 3015446
31.8301 0.998744 482.878 2202234
31.8323 0.998813 496.51 3450547
31.8371 0.998965 498.849 2256585
31.8409 0.999084 502.449 3453789
31.8431 0.999153 503.032 2759756
31.8458 0.999236 519.404 3453495
31.8484 0.99932 529.88 3017610
31.8495 0.999353 545.935 3016287
31.8503 0.99938 603.459 3452700
31.851 0.999402 647.325 3453827
31.8528 0.999457 660.448 3452665
31.8535 0.999479 678.334 3453838
31.8544 0.999507 694.268 328130
31.8559 0.999555 698.92 2861292
31.8568 0.999582 709.023 6617723
31.8583 0.999631 717.155 3454085
31.8627 0.999768 827.984 3453643
31.8637 0.999798 897.985 2505415
31.8648 0.999834 911.313 3453444
31.8657 0.999864 926.346 3821071
31.8668 0.999896 933.077 3453493
31.8688 0.999959 1057.34 2760176
31.8693 0.999974 1073.34 3821456
31.8699 0.999993 1157.27 3453846
31.8701 1 1649.62 3821635
