Unknown 4 358 358 358 358 float/unsigned
CumulativeMeasure | CDF | Dose | TetraID
0.000480372 1.50728e-05 0 3821456
0.00157746 4.94966e-05 0 3820955
0.00267346 8.38863e-05 0 1404501
0.00341469 0.000107144 0 1632745
0.00424584 0.000133223 0 3452700
0.0054551 0.000171167 0 3452655
0.00600513 0.000188425 0 2197624
0.0069699 0.000218697 0 2505415
0.00754441 0.000236724 0 3020249
0.00800695 0.000251237 0 3017795
0.00845901 0.000265422 0 3017174
0.00924937 0.000290221 0 3821110
0.0103627 0.000325155 0 2924099
0.0107426 0.000337074 0 3453624
0.0112973 0.000354479 0 3821460
0.0115237 0.000361585 0 3821635
0.0130642 0.00040992 0 2861292
0.0134252 0.000421248 0 2761021
0.014075 0.000441638 0 2673399
0.0142771 0.000447977 0 3822600
0.0148251 0.000465174 0 2758566
0.0153773 0.000482501 0 2757053
0.0158155 0.000496248 0 2757061
0.0169222 0.000530975 0 2757324
0.017499 0.000549073 0 2757641
0.0178289 0.000559423 0 3820805
0.0186828 0.000586218 0 3453016
0.0193325 0.000606602 0 495985
0.0200512 0.000629153 0 3679218
0.0213576 0.000670145 0 3453303
0.0235427 0.000738709 0 3453330
0.0238445 0.000748178 0 3453466
0.0247091 0.000775308 0 6617723
0.0260995 0.000818935 0 3452884
0.0269516 0.000845672 0 3820705
0.0275382 0.000864075 0.0848456 3454074
0.0285944 0.000897218 0.136547 1563355
0.0294897 0.000925308 1.16614 2758384
0.0299179 0.000938746 2.23464 3017184
0.0312459 0.000980415 2.97206 3821079
0.0332141 0.00104217 3.67943 2757249
0.0344016 0.00107943 4.12412 3453123
0.0347436 0.00109016 5.83698 33882
0.0361928 0.00113564 6.09624 1498
0.0373158 0.00117087 9.19815 3453444
0.0389017 0.00122063 10.5445 2757364
0.0402166 0.00126189 12.2318 2758966
0.0412238 0.0012935 16.9094 3017048
0.0427215 0.00134049 20.0301 2757393
0.0462146 0.00145009 23.8293 3454203
0.0473985 0.00148724 24.3216 3452708
0.048349 0.00151707 27.8161 3452900
0.0499041 0.00156586 29.5067 3454085
0.0509972 0.00160016 30.6067 3017793
0.0534628 0.00167752 35.2758 3822116
0.0550975 0.00172881 35.8097 3821094
0.0570499 0.00179008 39.7784 2758408
0.0591791 0.00185689 41.2056 3015450
0.0606106 0.0019018 41.476 4723395
0.0621609 0.00195045 43.3976 2759212
0.0656371 0.00205952 45.7003 2670230
0.0664107 0.0020838 50.8034 3453092
0.0667659 0.00209494 51.2821 3822599
0.0692638 0.00217332 53.9268 3821083
0.0730748 0.0022929 56.1755 3452648
0.0804902 0.00252557 57.2564 2760367
0.0853361 0.00267762 64.0726 2256585
0.090037 0.00282513 66.1707 2260622
0.090885 0.00285173 67.0889 3452580
0.0929162 0.00291547 68.6739 2670777
0.0955383 0.00299774 69.3184 3450644
0.101593 0.00318773 70.317 567986
0.109109 0.00342356 71.8231 3452871
0.110855 0.00347835 72.5167 3454138
0.127855 0.00401174 75.9378 3023537
0.129995 0.00407892 79.1544 3287317
0.145327 0.00455998 80.2 3453166
0.154538 0.004849 80.8648 3453826
0.159009 0.00498929 82.9128 2758588
0.160073 0.00502267 83.2652 3821334
0.161948 0.00508152 83.8099 2862334
0.16285 0.00510981 85.3807 3453932
0.163804 0.00513975 85.5803 3821071
0.165593 0.00519588 86.0604 3453664
0.169455 0.00531706 87.6525 3453791
0.17639 0.00553465 87.7446 2261801
0.185504 0.00582062 90.458 2673384
0.186502 0.00585195 92.2134 3017601
0.201979 0.00633756 92.3356 495964
0.203985 0.00640052 92.6933 3453492
0.207091 0.00649796 93.1983 2759818
0.214222 0.00672171 93.9184 3821096
0.214989 0.00674579 98.7456 2760256
0.224742 0.00705182 100.312 2758737
0.227223 0.00712966 101.471 4594878
0.230675 0.00723799 103.147 3453650
0.234812 0.00736778 104.272 78975
0.235337 0.00738427 104.652 2757597
0.24311 0.00762814 107.215 2671222
0.252951 0.00793695 109.039 2759083
0.257318 0.00807395 110.719 3453643
0.263007 0.00825246 110.835 3453203
0.28005 0.00878725 112.074 2758672
0.309464 0.00971018 112.249 2758581
0.313637 0.0098411 115.062 2860340
0.314755 0.00987618 116.084 25993
0.315785 0.00990852 116.753 3453493
0.33885 0.0106322 117.223 3450616
0.347279 0.0108967 118.134 3453621
0.359482 0.0112796 119.282 2671233
0.368175 0.0115524 120.025 3452956
0.39458 0.0123809 122.388 3453289
0.395761 0.0124179 122.672 2759726
0.398168 0.0124935 122.768 3451749
0.428132 0.0134337 124.303 2758580
0.428926 0.0134586 128.001 3452094
0.496918 0.015592 129.262 2757587
0.503993 0.015814 129.523 2758522
0.51244 0.016079 131.564 3453267
4.52329 0.141929 134.362 4075543
4.52891 0.142105 134.627 4021755
4.55079 0.142792 137.095 6736185
4.56166 0.143133 137.554 3452504
4.56758 0.143319 138.317 2759676
4.56979 0.143388 138.541 3453294
4.57171 0.143448 139.614 3024286
4.57307 0.143491 140.219 3453036
4.60753 0.144572 140.55 3453186
4.6093 0.144628 141.815 2863295
4.64889 0.14587 141.991 2759142
4.68301 0.146941 144.007 3452910
4.71806 0.14804 145.575 3288186
4.72186 0.14816 145.951 3453789
4.73762 0.148654 146.001 3452304
4.73998 0.148728 146.738 3451495
4.7458 0.148911 148.79 3453759
4.7522 0.149112 149.215 2758365
4.77387 0.149792 150.008 3453022
4.78214 0.150051 151.741 6200222
4.80505 0.15077 151.863 3820387
4.83439 0.151691 151.945 608054
4.8367 0.151763 152.068 3180264
4.84806 0.152119 153.667 3452897
4.85203 0.152244 155.101 2760465
4.86365 0.152609 155.22 3453130
4.86937 0.152788 157.016 2757744
4.97241 0.156021 157.198 3453885
4.98861 0.156529 157.199 544820
5.00706 0.157108 159.391 2758582
5.01365 0.157315 160.425 5081590
5.03238 0.157903 161.029 3452036
5.03562 0.158005 161.327 2664990
5.05009 0.158459 161.608 2673432
5.05454 0.158598 162.026 3017538
5.07035 0.159094 162.319 6201461
5.09966 0.160014 162.903 3821031
5.10296 0.160117 163.549 159762
5.23127 0.164144 163.703 3451860
5.23818 0.16436 165.357 1949560
5.24588 0.164602 165.793 2672854
5.2609 0.165073 166.275 2756991
5.29122 0.166025 166.438 60165
5.30899 0.166582 166.602 2391320
5.31051 0.16663 167.218 2758947
5.32591 0.167113 167.248 6736184
5.36834 0.168445 167.527 3451384
5.37648 0.1687 167.829 6735272
5.37777 0.16874 167.882 3453909
5.44451 0.170834 168.867 2860645
5.44651 0.170897 169.514 3821062
5.49423 0.172395 169.838 6911121
5.49722 0.172488 171.296 3452979
5.50137 0.172619 174.833 3453653
5.55918 0.174432 174.956 2860569
5.64671 0.177179 174.988 2262810
5.6831 0.178321 175.202 2758261
5.72277 0.179565 175.654 6200460
5.72876 0.179753 175.913 3821100
5.74789 0.180354 176.422 3454084
5.81631 0.182501 176.752 3453494
5.84435 0.18338 177.133 2861128
5.88427 0.184633 177.816 2575227
5.88633 0.184697 180.995 3453631
5.899 0.185095 181.44 2375968
5.96275 0.187096 182.665 3821544
6.03098 0.189236 182.997 3821266
6.03381 0.189325 184.202 3454126
6.05272 0.189919 184.472 3453592
6.09637 0.191288 184.6 2670929
6.18797 0.194162 184.697 3453136
6.20585 0.194723 184.873 2670468
6.23001 0.195481 185.717 2756491
6.27108 0.19677 185.955 3015451
6.2826 0.197131 186.172 3453292
6.29319 0.197464 187.475 2757623
6.30916 0.197965 187.878 3821088
6.31135 0.198034 189.058 2759756
6.31815 0.198247 189.28 3453139
6.32993 0.198617 189.71 2870088
6.33407 0.198747 190.066 2757471
6.37188 0.199933 191.756 2760427
6.38418 0.200319 192.434 3821032
6.42642 0.201644 193.212 6200994
6.45845 0.202649 193.739 3452037
6.46729 0.202927 194.179 573271
6.51488 0.20442 194.836 3451962
6.54738 0.20544 194.983 3020322
6.6223 0.20779 195.191 5080855
6.62266 0.207802 195.991 160553
6.63225 0.208103 196.628 3821101
6.64602 0.208535 196.648 2670374
6.66771 0.209215 197.244 2756922
6.69261 0.209997 197.611 6201540
6.71416 0.210673 199.834 3821030
6.87945 0.215859 200.4 3453137
6.89098 0.216221 201.716 2759805
6.91609 0.217009 201.876 6200472
6.95785 0.218319 203.651 3452812
6.96266 0.21847 203.85 2261788
6.99442 0.219467 203.997 3820572
7.0241 0.220398 204.6 3821052
7.03682 0.220797 205.649 3452376
7.03995 0.220895 206.699 3453504
7.04628 0.221094 206.747 3453210
7.0464 0.221098 207.3 3820222
7.05136 0.221253 207.913 3452482
7.06012 0.221528 208.884 2759286
7.06395 0.221648 209.402 3453731
7.06625 0.221721 209.752 2757686
7.08969 0.222456 212.056 5081263
7.11402 0.223219 213.084 3451207
7.11864 0.223364 213.657 3453655
7.12257 0.223488 214.58 2758929
7.14308 0.224131 215.171 2760424
7.16393 0.224785 216.81 2669739
7.17243 0.225052 217.229 3452629
7.21054 0.226248 217.632 2202236
7.2155 0.226403 218.032 2757689
7.23649 0.227062 218.965 3452895
7.24017 0.227178 219.936 2759598
7.24686 0.227387 222.364 3453632
7.25067 0.227507 222.387 6909450
7.25657 0.227692 223.278 173012
7.29385 0.228862 223.47 3453290
7.33125 0.230036 224.538 3452663
7.33326 0.230098 227.863 2760176
7.33683 0.23021 227.909 2759287
7.33789 0.230244 228.02 2172188
7.33921 0.230285 228.741 3452917
7.34152 0.230358 230.934 2915189
7.35384 0.230744 231.679 2757417
7.35689 0.23084 232.39 3453746
7.36361 0.231051 232.445 3821093
7.38191 0.231625 233.116 3821097
11.3202 0.355198 236.377 6072380
11.3256 0.355368 236.386 2760382
11.3306 0.355524 239.254 2757496
11.3454 0.355987 240.332 2669294
11.3613 0.356488 240.678 3452278
11.3719 0.356819 241.532 3452124
11.3772 0.356986 241.723 545350
11.3787 0.357034 242.251 2820800
11.3917 0.357442 244.523 2673740
11.4493 0.359249 245.051 3453894
11.4507 0.359293 245.273 3452626
11.4639 0.359706 245.864 2259897
11.4677 0.359827 246.5 3453403
11.4791 0.360184 246.581 2758990
11.484 0.360338 247.459 44928
11.4862 0.360407 249.948 3453661
11.5 0.36084 251.937 2759653
11.5074 0.361073 252.493 3452690
15.5184 0.486926 253.853 3055858
15.5228 0.487064 258.2 3453404
15.5268 0.48719 258.48 6201454
15.5304 0.487302 258.652 3452739
19.5412 0.613152 258.757 7480083
19.5464 0.613314 259.066 174346
19.547 0.613333 259.341 3453907
19.5604 0.613753 262.867 2669748
23.5713 0.739606 263.745 809643
23.5812 0.739915 265.462 568410
27.5921 0.865769 267.792 1221929
27.5964 0.865904 269.01 3821054
27.6033 0.86612 273.689 3450180
27.612 0.866393 276.062 3289979
27.6176 0.866567 276.507 174300
31.6278 0.992399 277.027 809737
31.63 0.992468 281.247 6423114
31.6411 0.992814 283 3453668
31.6459 0.992967 285.591 3453217
31.6476 0.993019 285.668 3453625
31.6499 0.993091 289.203 2202234
31.6513 0.993135 289.436 2758133
31.658 0.993345 291.985 3821265
31.6754 0.993893 305.907 328202
31.6763 0.993921 305.952 328130
31.6774 0.993955 310.303 3179007
31.6823 0.994107 310.732 2758811
31.6916 0.9944 311.705 3453188
31.6992 0.994637 311.902 3289503
31.7018 0.99472 312.931 3453495
31.7036 0.994777 313.965 3015446
31.7086 0.994933 314.005 2760241
31.7163 0.995174 317.985 6733066
31.7176 0.995215 323.424 3451753
31.7209 0.995318 326.238 3452172
31.7218 0.995349 326.702 2760133
31.7244 0.99543 327.057 3453467
31.7309 0.995633 327.924 3821383
31.7327 0.995688 329.893 3452665
31.7447 0.996064 333.691 3451100
31.7453 0.996086 338.34 3453838
31.7475 0.996155 339.385 3450547
31.7486 0.996187 344.537 2671805
31.7518 0.996287 347.273 3453479
31.7529 0.996323 349.809 384277
31.7616 0.996595 353.906 2869964
31.7625 0.996625 357.035 3452660
31.7664 0.996748 374.589 2670521
31.7712 0.996896 376.068 3452914
31.7777 0.9971 377.714 6992342
31.7805 0.99719 380.042 3451815
31.7848 0.997323 394.575 3453725
31.7877 0.997416 396.29 3452706
31.7892 0.997462 406.683 3451568
31.7941 0.997616 411.55 567202
31.8016 0.997851 411.811 3453284
31.8021 0.997868 414.608 3454072
31.8082 0.99806 421.378 3452355
31.8111 0.998148 422.76 3821047
31.8171 0.998337 423.992 2669759
31.8201 0.99843 427.093 3453026
31.8212 0.998467 432.31 2862537
31.8257 0.998607 433.062 3821393
31.8309 0.998769 437.973 96616
31.8329 0.998834 439.552 2859931
31.8386 0.999013 448.405 3452754
31.8396 0.999043 471.867 3821186
31.8402 0.999061 477.226 2873184
31.8414 0.999099 523.148 2862894
31.844 0.999182 524.174 3450932
31.8483 0.999317 526.777 2760294
31.8507 0.999391 531.675 3453135
31.8513 0.99941 537.847 3453846
31.8539 0.999494 549.113 3017610
31.8547 0.999518 551.601 2672470
31.8561 0.99956 566.835 3452736
31.8575 0.999604 580.655 2864001
31.8587 0.999642 580.95 3453967
31.8597 0.999675 636.09 3016287
31.8605 0.999698 638.156 3453827
31.8614 0.999729 644.487 3452901
31.8617 0.999736 670.103 2757642
31.8635 0.999792 670.499 3453895
31.8681 0.999939 674.108 3453727
31.8699 0.999993 748.59 3454041
31.8701 1 1530.49 2759291
