Unknown 4 358 358 358 358 float/unsigned
CumulativeMeasure | CDF | Dose | TetraID
0.000361041 1.13285e-05 0 2761021
0.000841413 2.64013e-05 0 3821456
0.00126969 3.98397e-05 0 3017184
0.00223446 7.01116e-05 0 2505415
0.00402327 0.00012624 0 3453664
0.00448581 0.000140753 0 3017795
0.00554912 0.000174117 0 2172188
0.00629035 0.000197375 0 1632745
0.00684505 0.00021478 0 3821460
0.00802868 0.000251919 0 3453967
0.00921621 0.00028918 0 3453123
0.0106659 0.000334669 0 3451568
0.0108924 0.000341775 0 3821635
0.0124356 0.000390196 0 2820800
0.0126376 0.000396535 0 3822600
0.0133242 0.000418079 0 3453838
0.0140429 0.00044063 0 3679218
0.0148909 0.000467237 0 3452580
0.0152328 0.000477967 0 33882
0.0154602 0.000485102 0 2757642
0.0161101 0.000505491 0 2673399
0.0167164 0.000524517 0 3453846
0.0179002 0.000561663 0 3452708
0.0188545 0.000591603 0 3821071
0.020627 0.000647221 0 3452665
0.0209287 0.000656689 0 3453466
0.0215784 0.000677073 0 495985
0.0219413 0.00068846 0 160553
0.0228431 0.000716758 0.0917216 3453932
0.023557 0.000739158 0.0953269 3453827
0.0246751 0.00077424 0.717807 25993
0.0256736 0.00080557 1.01055 3017601
0.0267641 0.000839789 1.08071 3179007
0.0279654 0.000877481 1.25825 2862894
0.0287558 0.000902281 2.04625 3821110
0.0296079 0.000929017 5.52794 3820705
0.0302186 0.00094818 12.0038 3453907
0.0317689 0.000996825 14.5889 2759212
0.032221 0.00101101 20.0715 3017174
0.0330749 0.0010378 27.1198 3453016
0.0355405 0.00111517 30.9189 3822116
0.0372866 0.00116996 36.1335 3454138
0.0386015 0.00121121 36.186 2758966
0.0391495 0.00122841 36.2633 2758566
0.0402629 0.00126334 38.9109 2924099
0.0422153 0.00132461 39.6289 2758408
0.0432925 0.0013584 45.5289 3016287
0.0440861 0.00138331 49.2921 3452094
0.0539279 0.00169212 52.8527 2759083
0.0569724 0.00178764 54.1731 3453746
0.0579421 0.00181807 54.5361 3452660
0.0628703 0.0019727 56.2766 44928
0.0652776 0.00204824 58.2761 3451749
4.07613 0.127898 60.5075 4075543
4.07937 0.128 62.3606 2664990
4.08168 0.128073 63.2289 2757686
4.08429 0.128154 66.1143 3453467
4.09061 0.128353 70.2801 3453210
4.0922 0.128403 72.2476 2757364
4.0986 0.128603 85.1597 2758365
4.10602 0.128836 85.4337 2760367
4.11471 0.129109 87.9246 3452956
4.11515 0.129123 88.0531 2757061
4.11896 0.129242 88.2007 3452648
4.12241 0.12935 88.8068 3453650
4.13008 0.129591 89.046 6733066
4.13209 0.129654 93.5374 3453492
4.13474 0.129737 97.2801 3017610
4.13628 0.129786 99.1439 2861292
4.1365 0.129793 99.1582 2759291
4.1629 0.130621 99.4583 3453289
4.16805 0.130783 109.603 174346
4.17983 0.131152 111.533 2870088
4.18282 0.131246 113.101 3452979
4.18469 0.131305 113.564 2862334
4.18601 0.131346 113.658 3452917
4.19171 0.131525 113.873 3452754
4.19586 0.131655 115.275 3453653
4.20886 0.132063 117.015 2673740
4.21382 0.132219 117.136 3452482
4.21562 0.132275 120.688 3015446
4.21824 0.132357 121.688 3450644
4.22226 0.132483 123.454 6201454
4.22444 0.132552 125.905 3453330
4.22502 0.13257 127.431 2757641
4.23639 0.132927 128.51 2758990
4.23728 0.132955 133.263 2758384
4.23871 0.133 133.343 2864001
4.2456 0.133216 133.35 3450180
4.24765 0.13328 134.578 2859931
4.25048 0.133369 136.61 3821047
4.27392 0.134104 137.417 5081263
4.28105 0.134328 140.457 3821096
4.28416 0.134426 142.255 2759818
4.29337 0.134715 146.292 3453826
4.29694 0.134827 146.318 2759287
4.30508 0.135082 146.75 6735272
4.31264 0.135319 147.919 3289503
4.34205 0.136242 148.013 2758581
4.34488 0.136331 148.484 3454126
4.34633 0.136376 151.946 1498
4.35133 0.136533 159.15 2760241
4.35572 0.136671 160.111 3453404
4.36801 0.137057 161.315 3821032
4.39234 0.13782 161.948 3451207
4.39845 0.138012 163.427 3452355
4.39984 0.138055 164.303 3452884
8.33811 0.261628 165.448 6072380
8.35588 0.262186 165.645 2391320
8.35974 0.262307 170.032 3453791
8.36455 0.262458 171.074 2261788
8.36554 0.262489 171.572 3452901
8.38259 0.263024 171.924 2758672
8.38952 0.263241 176.31 2261801
8.42911 0.264484 177.362 2759142
8.43998 0.264824 178.812 3452504
8.44468 0.264972 180.63 2260622
8.44848 0.265091 181.799 3453789
8.45595 0.265326 182.537 3453284
8.45654 0.265344 184.508 3454074
8.47705 0.265988 185.056 2760424
8.48764 0.26632 185.412 2757623
8.49014 0.266398 186.958 3821083
8.51504 0.26718 189.357 6201540
8.51704 0.267243 192.222 3821062
8.52364 0.267449 192.41 5081590
8.53631 0.267847 192.971 2375968
8.54078 0.267987 193.421 2758588
8.55232 0.268349 194.644 2759805
8.56058 0.268609 195.208 6200222
8.56094 0.26862 195.963 3822599
8.57052 0.268921 196.971 3821101
8.574 0.26903 198.092 2670230
8.60651 0.27005 198.519 3020322
8.61358 0.270272 203.075 2758522
8.61772 0.270402 203.263 2757471
8.62365 0.270588 204.09 2759676
8.63912 0.271073 204.106 495964
8.66847 0.271994 204.143 608054
8.69358 0.272782 204.883 6200472
8.69842 0.272934 205.037 2256585
8.79002 0.275808 205.607 3453136
8.80915 0.276408 209.193 3454084
8.80993 0.276432 209.262 2672470
8.81977 0.276741 209.799 568410
8.83356 0.277174 209.914 2759653
8.83512 0.277223 210.554 3454085
8.84958 0.277677 212.225 2673432
8.86492 0.278158 213.218 3453166
8.87336 0.278423 213.33 3453267
8.90841 0.279523 213.45 3288186
8.91209 0.279638 213.619 2759598
8.91375 0.27969 213.656 3453625
8.92956 0.280186 214.01 6201461
8.95125 0.280867 214.978 2756922
8.95618 0.281021 215.032 567202
8.97909 0.28174 215.367 3820387
8.99226 0.282154 216.179 2259897
9.00069 0.282418 216.908 3453621
9.04312 0.283749 217.179 3451384
9.04455 0.283794 217.306 4723395
9.06244 0.284356 217.918 2670468
9.06601 0.284468 220.112 3452739
9.07705 0.284814 220.187 3453668
9.08475 0.285056 220.583 2672854
13.095 0.410887 224.302 809737
13.107 0.411263 224.432 3451100
13.1363 0.412183 225.375 3821031
13.1497 0.412603 226.836 2669748
13.1738 0.413361 226.893 2756491
13.2488 0.415712 226.905 5080855
13.254 0.415874 228.9 96616
13.2667 0.416273 230.2 3452376
13.3697 0.419507 231.616 3453885
13.4381 0.421654 231.668 3453494
13.442 0.421776 233.434 2670521
13.4474 0.421943 233.725 545350
13.4633 0.422444 235.202 3821088
13.507 0.423814 236.488 2670929
13.5278 0.424468 238.755 2669739
13.5701 0.425793 240.123 6200994
13.6021 0.426798 241.997 3452037
13.6366 0.42788 242.681 3453186
13.6762 0.429124 244.916 6200460
13.6978 0.4298 245.747 3821030
13.7019 0.42993 246.571 78975
13.7032 0.429971 247.641 3451753
13.7186 0.430454 249.326 6736184
13.7253 0.430664 249.511 3821265
13.7428 0.431212 249.772 328202
13.7451 0.431286 249.783 3453135
13.9104 0.436472 250.421 3453137
13.9171 0.436683 250.677 3821093
14.0454 0.440709 252.293 3451860
14.0624 0.441242 253.737 3023537
14.0668 0.441379 254.186 3453643
14.0971 0.442331 256.643 60165
14.0993 0.4424 256.856 6423114
14.1014 0.442465 258.045 3453631
14.1071 0.442644 258.23 2757744
14.1131 0.442832 258.825 2669759
14.1449 0.443829 261.295 3820572
14.2131 0.44597 262.066 3821266
14.2218 0.446242 262.567 3289979
14.2515 0.447174 262.717 3821052
14.2665 0.447645 267.71 2756991
14.2675 0.447677 268.132 3017048
14.2688 0.447717 268.792 3453909
14.3164 0.44921 270.156 3451962
14.3844 0.451344 270.317 2757587
14.3919 0.45158 272.279 3452871
14.3975 0.451756 272.802 4021755
14.4553 0.45357 273.908 2860569
14.5191 0.45557 274.633 3821544
14.5256 0.455774 275.192 6992342
14.5264 0.455802 275.243 328130
14.5278 0.455845 275.253 3453036
14.5298 0.455909 275.688 2670777
14.5309 0.455943 277.082 1404501
14.5447 0.456375 277.166 2670374
14.5458 0.456409 277.44 3017793
14.5504 0.456554 279.504 3453655
14.5714 0.457213 280.475 3452895
14.5803 0.45749 280.804 573271
14.5964 0.457998 280.87 544820
14.6003 0.458118 280.93 6909450
14.6034 0.458218 282.132 3453479
14.6119 0.458484 284.284 3452629
14.6197 0.458728 285.083 2671222
14.6608 0.460017 285.688 3015451
14.6827 0.460704 286.836 6736185
14.7244 0.462014 287.204 3452812
14.812 0.464761 289.328 2262810
14.8158 0.464882 293.86 3453403
14.8531 0.466051 295.054 3453290
14.8618 0.466326 295.371 2759286
14.8667 0.466478 297.25 2758811
14.8852 0.467057 297.302 2758582
14.8906 0.467228 297.447 2760382
14.9065 0.467728 297.902 3452278
14.9163 0.468034 298.277 2758737
18.9273 0.593888 300.344 3055858
18.9614 0.594959 300.463 3452910
19.0091 0.596456 302.331 6911121
19.0308 0.597136 302.433 3453022
19.0327 0.597196 304.309 3024286
19.0335 0.597222 306.788 3452700
19.0357 0.59729 310.204 3287317
19.0544 0.597877 311.056 3452036
19.0635 0.598163 311.469 2673384
19.0668 0.598267 313.221 159762
19.0688 0.598328 314.129 2757249
19.1355 0.600422 315.918 2860645
19.1397 0.600555 316.215 3453725
19.1424 0.600639 318.921 3453495
19.1447 0.600711 320.098 3180264
19.1811 0.601853 320.375 2758261
19.187 0.602038 322.883 173012
19.2269 0.603291 323.017 2575227
19.2318 0.603443 323.326 3453217
19.234 0.603512 325.024 3453294
19.2498 0.604007 326.307 3452304
19.2687 0.604601 328.572 3453592
19.287 0.605175 330.356 3821097
19.2914 0.605314 330.783 3821393
19.2988 0.605547 331.521 3452690
19.3044 0.605722 338.255 174300
19.3422 0.606908 340.452 2760427
19.3537 0.607269 344.471 3453292
19.3561 0.607343 344.838 3451495
19.4137 0.60915 345.309 3453894
19.4518 0.610346 345.402 2202236
19.4665 0.610809 347.386 2669294
19.4704 0.610929 347.793 3453731
19.4737 0.611033 348.521 3452172
19.476 0.611105 350.846 2915189
19.4768 0.611132 351.931 6617723
19.4803 0.611242 357.637 3454203
19.4872 0.611459 359.098 1949560
19.4996 0.611845 359.574 2757417
23.5105 0.737699 361.293 1221929
23.5199 0.737992 364.535 3453188
23.5265 0.738201 367.378 3453632
23.5639 0.739375 367.883 3452663
27.5748 0.865225 372.424 7480083
27.5864 0.86559 373.025 3453130
27.5924 0.865778 375.659 3821100
27.5938 0.865822 376.99 3452626
27.5977 0.865945 378.774 2758929
27.6009 0.866043 379.476 3453504
27.6289 0.866923 381.678 2861128
27.6346 0.867101 382.976 3453203
27.6396 0.867257 386.014 2757689
27.6518 0.86764 387.761 2671233
31.6627 0.993493 390.9 809643
31.6677 0.99365 391.246 2757496
31.6688 0.993683 396.158 3821334
31.6712 0.993761 396.533 4594878
31.6818 0.994092 397.476 3452124
31.7118 0.995032 398.8 2758580
31.7182 0.995235 399.282 3821383
31.7194 0.995272 403.217 2759726
31.7237 0.995408 408.61 2760294
31.7243 0.995424 410.715 2757597
31.7284 0.995555 414.061 2860340
31.7294 0.995585 418.013 2760133
31.7324 0.995679 419.372 3452706
31.7554 0.996402 425.674 3450616
31.7565 0.996437 431.667 2757324
31.7605 0.996561 441.527 2760465
31.7621 0.996613 444.419 3821094
31.7641 0.996676 448.644 2760176
31.7755 0.997032 450.096 3452897
31.7802 0.997179 450.155 3453727
31.786 0.997362 456.414 3453759
31.789 0.997456 460.211 3453026
31.7912 0.997525 464.415 3450547
31.793 0.99758 467.79 2863295
31.7998 0.997793 469.102 3453139
31.8084 0.998066 470.347 2869964
31.8129 0.998205 482.299 3017538
31.8143 0.99825 482.937 2758133
31.8186 0.998384 497.211 3821054
31.8194 0.998408 497.831 2760256
31.8207 0.99845 524.808 3821079
31.8216 0.99848 526.567 3452900
31.8222 0.998498 533.397 2873184
31.8244 0.998566 534.244 3453661
31.8273 0.998657 537.684 3451815
31.8278 0.998674 547.906 2197624
31.8288 0.998706 556.39 2671805
31.8292 0.998718 564.704 3453624
31.8303 0.998751 565.073 1563355
31.835 0.998899 565.753 3452914
31.8362 0.998936 576.75 2862537
31.8377 0.998983 583.196 2757393
31.8395 0.999039 584.352 3453895
31.8405 0.999071 584.476 3453493
31.8418 0.999112 590.875 3453303
31.844 0.999181 602.658 2759756
31.8466 0.999264 626.495 3450932
31.8489 0.999336 643.8 2202234
31.8501 0.999374 655.606 3452655
31.8562 0.999564 657.215 567986
31.8567 0.999581 679.116 3454072
31.8578 0.999615 746.748 3820955
31.86 0.999682 761.088 3015450
31.8609 0.999712 797.907 3821186
31.8626 0.999766 799.99 3454041
31.8642 0.999814 808.941 2758947
31.8649 0.999838 812.895 3453092
31.8663 0.99988 869.428 3452736
31.8674 0.999915 911.022 3453444
31.868 0.999933 1078.61 3020249
31.8691 0.999968 1319.13 384277
31.8692 0.999972 1413.12 3820222
31.8698 0.99999 1421 2757053
31.8701 1 1553.23 3820805
