Unknown 4 719 719 719 719 float/unsigned
CumulativeMeasure | CDF | Dose | TetraID
0.00830092 6.80413e-05 102.094 5354190
0.0153287 0.000125647 123.161 5432188
0.0361921 0.000296661 134.029 2010537
0.0700631 0.000574296 136.182 4068981
0.0785987 0.000644261 143.399 4183919
0.0898943 0.000736849 153.019 2058113
0.0969981 0.000795077 157.984 3890185
0.105596 0.000865554 159.919 3740504
0.119262 0.00097757 160.001 7801708
0.135488 0.00111057 160.825 3859331
0.143451 0.00117584 162.644 1665291
0.164691 0.00134995 167.573 4068350
0.179628 0.00147238 167.824 3772602
0.194452 0.00159389 169.419 5431563
0.20815 0.00170617 169.895 5431926
0.214671 0.00175962 170.663 3060941
0.223995 0.00183605 172.964 3770287
0.234808 0.00192468 174.805 5433447
0.255971 0.00209815 177.071 3740191
0.272013 0.00222965 177.478 3889817
0.276971 0.00227028 180.257 4183299
0.292492 0.00239751 181.478 3897366
0.299316 0.00245345 181.667 2109995
0.316912 0.00259768 182.934 737863
0.329418 0.00270019 183.248 3849434
0.36347 0.0029793 183.277 3231352
0.376293 0.00308441 185.225 6850132
0.386275 0.00316623 185.787 1939100
0.454656 0.00372674 188.034 3740202
0.495039 0.00405775 193.805 5679803
0.529405 0.00433944 195.365 7284304
0.543406 0.00445421 195.57 3740871
0.587675 0.00481708 198.372 3908602
0.595977 0.00488513 199.147 3739877
0.60251 0.00493868 200.543 6246756
0.614569 0.00503752 200.818 1787714
0.729916 0.005983 200.933 1537852
0.748268 0.00613343 202.691 1786326
0.778469 0.00638098 202.894 7810871
0.782763 0.00641618 204.361 1665001
0.811963 0.00665553 204.693 1424264
0.824342 0.006757 205.217 3957019
0.83268 0.00682534 206.677 5680580
0.884118 0.00724697 206.995 3512198
0.897904 0.00735997 207.235 5943524
0.908479 0.00744665 207.506 140559
0.926063 0.00759078 207.721 3986646
6.001 0.0491892 208.56 1489586
6.01094 0.0492707 209.886 3231553
8.85199 0.0725583 210.005 3908604
8.86822 0.0726914 210.133 7323268
8.91225 0.0730522 210.268 6406378
8.94335 0.0733072 210.482 7284038
10.0498 0.0823764 211.083 6349190
10.1603 0.0832824 211.304 3771048
10.2165 0.0837429 212.279 7324622
10.2318 0.0838688 212.388 2040145
10.2427 0.0839577 213.048 7771219
10.2599 0.0840986 213.162 3986467
11.2087 0.0918761 213.295 3740560
11.232 0.0920667 214.657 3849579
11.271 0.0923864 214.692 6139762
11.3102 0.0927079 215.587 1276520
11.3235 0.092817 216.215 4121425
11.3587 0.093105 216.629 1790112
12.9563 0.106201 216.912 3769928
12.9833 0.106422 216.983 3052062
12.995 0.106518 217.673 7533592
13.0237 0.106753 218.08 2747045
14.4848 0.11873 218.706 1489573
14.5295 0.119096 218.725 1906075
14.5553 0.119307 218.759 3740872
16.6478 0.136459 218.774 119521
17.2595 0.141473 219.197 3770290
17.2858 0.141689 219.807 2382004
17.298 0.141789 219.926 2510559
17.3215 0.141981 220.678 2058356
17.3566 0.142269 221.761 1914897
17.7581 0.14556 222.43 7516542
17.7758 0.145705 222.685 5680505
17.793 0.145847 222.965 1118931
17.8174 0.146046 223.188 31160
20.0604 0.164431 223.465 3885736
20.0872 0.164651 224.157 4175687
20.1197 0.164918 224.273 5432267
20.592 0.16879 224.512 1489446
24.217 0.198503 225.262 1490579
24.2276 0.19859 225.758 3740295
24.2413 0.198702 225.891 4189444
24.2544 0.198809 226.846 954410
24.4071 0.200061 227.431 4820325
25.0068 0.204977 227.438 3908886
25.102 0.205757 227.606 7344392
25.1522 0.206168 228.638 7385948
25.2019 0.206576 228.733 6273149
25.2378 0.20687 228.747 4175522
25.2686 0.207122 229.186 4535986
26.166 0.214478 229.544 4190110
26.1697 0.214509 229.953 3739346
26.1848 0.214633 230.189 387538
26.2128 0.214862 230.574 6495933
26.2257 0.214968 230.658 5943783
26.2349 0.215043 231.272 5656718
26.2868 0.215469 232.451 3768349
26.3514 0.215998 232.702 1971021
26.4494 0.216802 233.597 1370037
27.6846 0.226926 233.735 3770369
32.7621 0.268546 233.908 3898379
32.8414 0.269196 233.976 3052978
32.9696 0.270246 234.025 5680293
33.0193 0.270654 234.063 4708573
33.0298 0.27074 234.681 5765452
33.7007 0.276239 234.828 7117306
33.7165 0.276369 235.096 3231558
33.7357 0.276526 235.3 4827683
33.7841 0.276923 235.32 3739205
34.3895 0.281885 235.353 3770237
34.3974 0.28195 235.373 224553
34.46 0.282463 236.226 7602085
34.4905 0.282713 236.957 1916941
34.5277 0.283018 237.707 5432134
34.5767 0.28342 237.713 3770654
34.5964 0.283581 238.194 1971060
34.6074 0.283671 238.302 6849755
36.1797 0.296559 238.991 3770297
36.2133 0.296835 239.6 4178216
36.5005 0.299189 239.831 3908885
37.2569 0.305389 240.025 3907880
39.3914 0.322884 240.254 4119615
39.791 0.326161 240.266 3544219
39.9789 0.3277 240.34 4120187
40.7663 0.334155 240.389 3771053
41.2637 0.338231 240.464 3900481
42.2404 0.346237 240.545 1845252
42.3426 0.347075 240.673 3885611
45.7928 0.375356 241.187 7642221
48.1445 0.394632 241.479 1971059
48.1617 0.394773 241.8 7532430
48.169 0.394833 241.926 3851203
48.5 0.397546 241.994 3908338
48.7404 0.399517 242.567 7771098
49.1312 0.402721 242.745 8018025
49.1403 0.402795 242.971 6898662
49.1596 0.402953 243.164 3987447
51.2209 0.41985 243.646 3907977
51.2349 0.419964 243.807 4771209
51.2804 0.420337 243.833 1343334
51.3095 0.420575 244.838 4772767
51.3591 0.420982 245.022 3740591
51.4474 0.421706 245.19 3885594
51.6178 0.423102 245.215 3897993
51.6411 0.423294 245.259 3740798
51.6495 0.423363 245.382 6850074
52.0294 0.426477 245.759 3848579
52.085 0.426932 245.915 3739209
52.2024 0.427895 246.357 7318278
52.2601 0.428367 246.446 2043519
52.5635 0.430854 246.59 6959402
52.601 0.431162 246.752 3055950
52.6282 0.431384 247.063 7517412
53.1583 0.43573 247.17 6303565
53.3599 0.437382 247.257 1490740
53.3699 0.437464 247.386 6559114
53.3818 0.437562 247.509 6312171
53.4093 0.437787 248.041 64293
53.4191 0.437868 248.665 6849974
53.5002 0.438532 248.779 3861037
53.5261 0.438744 249.04 4733879
53.7664 0.440714 249.285 3770299
53.7933 0.440935 249.499 5011633
53.852 0.441416 249.539 4391372
53.8679 0.441546 249.818 3377587
53.8965 0.44178 250.078 3957048
54.5508 0.447144 250.114 3955600
55.1058 0.451693 250.426 3908793
55.1769 0.452276 250.983 3891720
58.7221 0.481335 251.274 3897603
58.7351 0.481442 251.483 1723249
62.0994 0.509018 251.539 5574486
62.1579 0.509498 251.849 3845793
62.212 0.509941 251.969 3740236
62.3395 0.510987 251.979 4175173
62.3923 0.51142 252.101 4187445
62.4352 0.511771 252.295 4224241
62.4608 0.511981 252.349 3231444
62.5023 0.512321 252.886 6842996
62.5498 0.512711 252.907 3740717
62.7272 0.514164 252.928 4126023
62.7425 0.51429 253.087 6850150
62.7761 0.514565 253.299 3885023
62.8595 0.515249 253.608 2001401
62.9429 0.515933 254.307 5431925
62.958 0.516056 254.662 6888089
62.972 0.516171 254.664 3740615
63.4477 0.52007 254.857 4191400
63.4706 0.520258 254.899 1967832
64.2601 0.526729 255.681 3908336
64.2934 0.527002 256.018 1578023
64.3391 0.527377 256.278 6408452
64.3568 0.527522 256.329 3840698
64.3885 0.527782 256.427 5985849
64.6341 0.529795 256.775 4183365
68.4145 0.560783 257.571 3229793
69.8374 0.572445 257.741 5433212
69.8446 0.572505 258.249 6273992
69.9605 0.573454 258.292 3740515
70.2898 0.576154 258.387 6407459
70.4179 0.577204 258.587 3770109
70.4797 0.577711 258.769 6748188
70.643 0.579049 258.801 4191889
70.6905 0.579439 258.882 6849967
70.7927 0.580276 259.101 5694972
70.8096 0.580415 259.97 3739825
70.9159 0.581286 260.86 722530
70.9321 0.581418 261.04 5433634
70.942 0.5815 261.072 3890632
71.9666 0.589898 261.288 5680234
72.0189 0.590327 261.462 3740697
72.031 0.590426 261.476 3739814
72.0664 0.590717 262.352 4120133
72.0896 0.590907 262.381 3740610
72.1019 0.591007 262.782 4665716
72.1079 0.591057 262.841 5571553
72.1869 0.591704 262.987 2508599
72.4891 0.594181 263.306 3769989
72.5131 0.594378 263.715 2001567
72.5375 0.594578 263.917 4103834
74.9917 0.614695 264.171 4104133
75.0052 0.614805 264.542 3897733
75.0121 0.614862 264.705 62550
75.0179 0.61491 264.995 3414686
75.026 0.614976 265.124 3740636
75.0405 0.615095 265.316 5572845
75.0628 0.615277 265.603 1999743
75.141 0.615918 265.698 3907870
75.2581 0.616878 265.83 3229962
75.5007 0.618866 265.9 4193088
75.8175 0.621463 266.143 5656262
75.823 0.621508 266.15 972097
75.8292 0.62156 266.473 4175769
76.4738 0.626843 266.834 1906816
76.4949 0.627016 267.287 4067521
76.5179 0.627204 267.48 5680294
76.585 0.627755 267.603 64304
77.6015 0.636087 268.197 2058078
77.6624 0.636586 268.214 324376
77.9028 0.638556 268.366 7510561
77.9778 0.639171 268.57 4104166
78.1358 0.640466 268.66 7632125
78.1943 0.640946 268.805 4776851
78.4214 0.642807 268.838 3770281
78.465 0.643164 269.213 7202286
78.4798 0.643286 269.288 4103232
78.4986 0.64344 269.721 1722736
78.5706 0.64403 270.036 4182726
78.6024 0.644291 270.133 1968212
78.8584 0.646389 270.245 6139137
78.8745 0.646521 270.334 2900841
79.3626 0.650522 270.433 6767441
79.4159 0.650959 270.849 6237667
79.6977 0.653269 270.881 3231460
79.7099 0.653369 271.816 4175688
79.7959 0.654074 271.872 1136465
82.616 0.67719 272.501 4572376
82.6315 0.677317 272.547 4183948
83.0473 0.680725 272.551 187198
83.1875 0.681874 272.566 1023166
83.2803 0.682635 272.671 1916008
83.3218 0.682975 272.781 3986266
83.3796 0.683449 272.82 4192456
83.5139 0.68455 272.863 4864300
83.6591 0.68574 272.895 4191042
83.6742 0.685863 273.002 1425032
83.7778 0.686713 273.132 1490106
83.8018 0.68691 273.19 5943825
83.9482 0.688109 273.531 6352497
83.9717 0.688302 273.736 7425878
83.9979 0.688517 273.922 3740716
84.005 0.688575 274.335 3898145
84.0135 0.688645 274.492 3741142
84.0854 0.689234 274.541 5353992
84.246 0.690551 274.823 2109630
84.261 0.690673 275.065 4347997
84.3532 0.691429 275.57 4070526
84.3681 0.691552 276.138 3232287
84.3817 0.691663 276.408 1913649
84.787 0.694985 276.433 7454084
84.8833 0.695774 276.512 7030731
85.1797 0.698204 277.053 4856059
85.2303 0.698618 277.236 1906692
85.237 0.698674 277.404 4179566
85.312 0.699288 277.436 4184116
86.4465 0.708588 277.615 4179434
86.656 0.710305 277.629 4613129
86.6706 0.710425 277.876 3890408
86.7296 0.710908 278.207 5431724
87.5009 0.717231 278.526 2258306
87.7968 0.719656 278.821 1849242
87.8156 0.71981 278.978 1498877
89.1389 0.730657 279.288 1532774
89.3482 0.732372 279.545 5225803
89.4388 0.733115 279.548 5432643
89.476 0.73342 279.746 1815484
89.4992 0.73361 280.094 1999971
89.52 0.733781 280.153 3740590
89.6234 0.734628 280.94 3841015
89.6366 0.734737 281.057 197820
89.6562 0.734897 281.408 7631892
89.7298 0.7355 281.787 1789279
89.7842 0.735947 282.291 7572300
90.1926 0.739294 282.477 5433239
90.2049 0.739395 282.541 4477578
90.3253 0.740381 282.67 3740916
90.3493 0.740578 283.505 3844366
90.3937 0.740942 283.647 5573928
91.2717 0.748139 283.927 2117767
91.3001 0.748372 283.936 1276611
91.3103 0.748455 284.341 1915942
91.3861 0.749077 284.382 1999721
92.0919 0.754862 284.406 812361
92.1255 0.755138 284.469 5944033
92.2036 0.755777 284.594 3957306
92.2133 0.755857 285.113 1915646
92.2363 0.756045 285.15 4175699
92.2539 0.75619 285.15 3386551
92.3975 0.757367 285.151 2001436
92.4188 0.757542 285.489 3767932
92.9359 0.76178 285.63 4174812
93.0589 0.762789 286.123 6850391
93.1624 0.763637 287.698 4181649
93.1922 0.763881 287.89 4184021
93.2784 0.764588 287.946 243143
95.4344 0.78226 288.098 4771304
96.1075 0.787777 288.606 6849743
96.1222 0.787898 289.135 4854631
96.3459 0.789732 289.199 4175479
96.688 0.792536 289.255 3891560
96.7221 0.792815 289.49 6764521
96.9525 0.794703 290.055 4182371
96.9927 0.795033 290.39 441812
97.103 0.795937 290.437 1186647
97.1928 0.796674 291.654 5357928
97.2367 0.797033 291.844 4123851
97.3435 0.797909 292.159 3850063
97.5231 0.799381 292.653 6996395
97.5381 0.799504 292.682 3957021
97.5536 0.799631 292.872 55359
97.5832 0.799873 293.711 197007
97.609 0.800085 293.805 7645678
97.6309 0.800264 293.893 5574430
97.658 0.800487 293.894 3740588
97.6699 0.800584 294.139 3886738
98.1532 0.804545 294.448 4104620
98.1812 0.804775 294.867 2059684
98.1987 0.804918 294.998 101715
98.4562 0.807029 295.227 7116870
98.5008 0.807395 295.353 3843780
98.5159 0.807519 296.171 3277464
99.444 0.815126 296.618 4672439
99.5354 0.815875 297.019 2044269
99.5918 0.816338 297.18 3739129
99.6108 0.816493 297.399 4181977
99.6977 0.817206 297.406 1725065
100.209 0.821393 297.759 4771846
100.239 0.821646 297.924 6850109
100.318 0.822293 298.625 4104874
100.565 0.824311 299.783 7258310
100.613 0.82471 299.89 3769526
100.63 0.82485 300.086 4576642
100.647 0.824984 300.243 7459964
100.676 0.825227 300.819 1916755
100.818 0.82639 300.936 5680127
101.046 0.828257 300.946 5433854
101.264 0.830043 301.109 620058
101.405 0.831204 301.16 3896668
101.441 0.831491 302.529 3231287
101.496 0.831944 302.596 5007663
101.511 0.832072 302.621 4769199
101.682 0.833471 302.729 1851220
101.698 0.8336 302.744 664403
101.737 0.833919 303.239 5682109
101.82 0.834606 303.585 5163788
101.828 0.834665 303.649 6742012
101.862 0.834943 303.944 5574558
101.989 0.83599 304.036 1762207
102.01 0.836163 304.557 7820300
102.051 0.836494 305.257 6849956
102.091 0.836826 305.638 3906471
102.147 0.837283 305.768 1723946
102.348 0.838931 306.001 4771936
102.4 0.839357 306.641 4574986
102.431 0.839606 306.994 4187796
102.607 0.841055 307.32 3899450
102.776 0.842439 308.02 7546008
102.837 0.842934 308.074 1723945
102.87 0.84321 308.203 4323035
102.889 0.843364 308.266 3929005
102.902 0.843468 308.272 2348343
102.916 0.843589 308.367 4771801
102.927 0.843678 308.47 7179580
102.96 0.843945 308.564 3842908
102.997 0.844247 308.775 3908112
103.044 0.844633 309.12 4275950
103.061 0.844776 309.165 5432866
103.1 0.845091 309.754 6849428
103.132 0.845353 309.936 3770980
103.147 0.845482 310.272 44677
103.269 0.846481 310.317 3908223
103.824 0.851025 310.328 3897801
103.857 0.851298 310.335 1290252
104.072 0.853059 310.531 5680005
104.131 0.853542 310.618 7632120
104.172 0.853878 311.12 3885098
104.223 0.854298 311.188 4574203
104.299 0.854923 311.543 6581883
104.365 0.855461 312.273 7646202
104.372 0.855523 312.549 4277914
104.388 0.855653 312.721 3907996
104.396 0.85572 313.243 3897500
104.417 0.855885 313.622 3280360
104.642 0.857733 313.77 5565405
104.703 0.858232 313.935 4672723
104.776 0.858833 314.001 88046
104.81 0.859112 314.057 4175278
104.835 0.859311 314.478 2002794
104.881 0.859689 314.505 3235711
105.008 0.860737 314.742 4177263
105.229 0.862545 315.628 224615
105.243 0.862662 315.683 5574414
105.336 0.863418 316.276 621345
105.942 0.868389 316.466 5910133
106.227 0.870726 316.593 2117786
106.236 0.870798 316.809 4752296
106.262 0.871014 316.95 3804160
106.876 0.876043 317.371 4855689
106.892 0.876173 318.008 3734185
106.9 0.876238 318.235 2086185
107.067 0.877609 318.261 5006377
107.158 0.878355 318.669 4704459
107.829 0.883856 318.884 5574732
107.866 0.884158 318.967 5680101
107.915 0.884565 319.431 4175319
108.02 0.885418 319.94 3770086
108.042 0.885604 320.511 4177230
108.093 0.88602 320.799 4862410
108.81 0.891899 321.14 730981
109.218 0.895244 321.252 3887416
109.225 0.895297 321.874 3895621
109.279 0.895745 322.048 6850390
109.876 0.900637 322.201 5432069
109.945 0.901198 322.32 3897650
110.152 0.902897 322.463 4175281
110.35 0.904524 322.496 5574387
110.55 0.906162 322.686 4774896
110.566 0.906289 322.826 880374
110.854 0.908651 323.037 4861597
110.886 0.908916 323.122 3897129
110.922 0.909212 323.157 5567465
110.938 0.909337 323.258 6273148
111.001 0.909858 323.505 6761450
111.019 0.910002 323.931 3740345
111.093 0.910609 323.954 16991
111.152 0.911095 323.962 3986197
111.16 0.911158 325.012 5544949
111.172 0.911262 325.156 3231668
111.213 0.911598 325.42 5572467
111.303 0.912329 325.591 3907672
111.315 0.912431 326.367 3901927
111.427 0.913345 326.393 5765269
111.44 0.913455 326.514 6849657
111.494 0.913897 326.706 4174215
111.518 0.914092 327.528 3772115
111.602 0.914786 327.671 4858290
111.743 0.915942 327.742 6479348
111.763 0.916103 328.605 3740761
111.809 0.916479 328.781 6513834
111.83 0.916654 328.939 2497073
111.846 0.916784 328.947 4671703
111.874 0.917014 329.041 3896349
111.886 0.917112 329.16 1907879
111.9 0.917227 329.304 1907592
112.047 0.918433 329.392 4276684
112.202 0.9197 329.401 4175701
112.258 0.920163 329.715 7645429
112.283 0.920362 329.789 4191715
112.314 0.920616 330.009 4180863
112.373 0.921103 330.983 7631185
112.396 0.921288 331.384 7550729
112.418 0.92147 332.292 4779764
112.831 0.924861 332.521 3898118
112.882 0.925274 332.918 7119455
112.973 0.926018 333.278 4178895
113.031 0.926494 333.37 7654296
113.451 0.929936 333.46 7632286
113.567 0.930887 333.689 622069
113.582 0.931011 333.763 5679912
113.681 0.931824 334.206 5655967
113.695 0.931936 334.587 4858236
113.717 0.932122 334.916 4488543
113.831 0.93305 334.972 1454791
113.885 0.933494 335.468 6767428
113.905 0.933661 335.763 4183363
113.935 0.933909 335.909 3740344
113.97 0.93419 336.178 4670548
113.981 0.93428 336.766 5219513
114.048 0.934834 336.8 7264220
114.094 0.93521 337.048 1370038
114.115 0.935386 337.254 4858024
114.171 0.93584 337.556 7770793
114.182 0.935934 337.723 1453933
114.211 0.936166 337.915 6763953
114.216 0.936213 338.175 5349185
114.451 0.938132 338.698 3959218
114.506 0.938585 339.146 3872970
114.605 0.9394 339.169 6849951
114.621 0.939526 339.832 1684955
114.633 0.93963 340.468 4277608
114.684 0.940043 340.605 3957254
114.778 0.940819 340.863 4018808
114.853 0.941431 340.924 6850813
114.884 0.941686 341.182 3690051
114.934 0.942096 341.262 3902840
115.032 0.942897 341.448 4736421
115.127 0.943678 341.859 7632017
115.164 0.943979 342.067 5489673
115.547 0.947123 342.154 4771778
115.682 0.948228 342.615 5574480
115.723 0.948558 343.387 7453753
115.873 0.94979 343.424 3896739
115.912 0.950113 344.645 5680285
115.95 0.950424 344.765 3740915
115.983 0.950694 344.85 5691415
116.056 0.951293 344.899 3306534
116.069 0.951401 345.133 1999979
116.168 0.952213 345.358 3945292
116.183 0.952333 345.462 3055875
116.195 0.95243 346.732 7483831
116.292 0.95323 347.364 3895884
116.314 0.953409 348.899 5573497
116.326 0.953508 348.903 1999942
116.363 0.953806 349.356 7482441
116.431 0.954364 349.525 3740103
116.486 0.954817 350.455 3908476
116.497 0.954909 350.779 3891721
116.529 0.955166 351.135 5432742
116.562 0.955437 351.212 5679913
116.579 0.955582 352.421 7544913
116.655 0.9562 353.168 6994587
116.662 0.956263 353.268 4575100
116.684 0.95644 353.67 6850133
116.696 0.956539 353.856 145276
116.713 0.956674 355.917 229982
116.746 0.956948 356.34 4278132
116.893 0.958151 357.428 3896279
116.912 0.95831 357.444 7484378
117.057 0.959498 357.758 5433851
117.075 0.959643 358.142 7151496
117.095 0.959808 358.853 4354294
117.135 0.960133 359.274 4104639
117.149 0.960253 359.313 3739933
117.227 0.960894 359.894 7330665
117.253 0.961103 359.947 1580842
117.259 0.961153 360.052 6400762
117.447 0.962695 360.091 5432698
117.479 0.962955 360.757 4787898
117.494 0.963077 361.092 2117768
117.511 0.963216 361.426 4523609
117.531 0.963382 362.002 1851124
117.618 0.964098 362.425 7534057
117.665 0.964478 362.887 98424
117.68 0.964607 363.202 1531434
117.708 0.964836 363.217 5953996
117.802 0.965606 363.458 5345878
117.812 0.965688 363.84 4771429
117.875 0.9662 364.207 3897198
117.923 0.966593 364.542 3908534
117.937 0.966709 364.851 665112
117.97 0.966983 364.984 5433448
118.048 0.96762 365.449 224938
118.184 0.968735 365.742 5574318
118.219 0.969024 366.29 4276948
118.231 0.969123 366.451 4275529
118.259 0.969351 366.463 6939639
118.267 0.969418 366.47 2041363
118.27 0.969438 366.964 6102373
118.408 0.970572 367.526 3658584
118.439 0.970828 368.407 7531650
118.48 0.97116 368.674 5691933
118.503 0.971349 370.338 1999865
118.513 0.971435 370.708 4175698
118.541 0.971657 371.366 7426435
118.576 0.971948 371.621 4174766
118.599 0.972139 371.791 4355721
118.609 0.972219 371.904 3232229
118.622 0.972322 372.164 4175276
118.681 0.972812 372.5 3232847
118.767 0.973514 372.795 5574409
118.789 0.97369 373.162 3897134
119.068 0.975983 373.215 2001445
119.077 0.976051 373.396 5434462
119.091 0.97617 373.879 3740729
119.116 0.976376 373.993 5680506
119.129 0.976485 374.03 5453601
119.14 0.976569 374.117 1789409
119.158 0.976717 375.118 3740466
119.179 0.976892 375.647 3986520
119.192 0.976995 375.976 4276230
119.22 0.977226 376.377 6272998
119.241 0.977401 376.402 1580110
119.288 0.977781 376.65 1908356
119.409 0.978774 376.68 5432841
119.435 0.978989 377.026 3898627
119.448 0.979092 377.173 1785460
119.457 0.979168 377.446 7517598
119.466 0.97924 377.559 4174518
119.475 0.979313 378.461 5012278
119.483 0.979385 379.318 4184201
119.577 0.980152 379.374 6849438
119.593 0.980282 379.817 3896583
119.669 0.980908 380.013 3939867
119.74 0.981488 380.132 3906749
119.766 0.981698 380.665 2381082
119.825 0.982182 381.861 7037130
119.915 0.982924 381.906 2001836
119.954 0.983246 381.939 1850540
119.97 0.983373 382.99 3897700
120.03 0.983867 383.645 3897130
120.088 0.984343 384 1967731
120.13 0.984688 384.308 7723693
120.145 0.984806 384.991 3736054
120.26 0.985755 387.131 4172832
120.287 0.985976 388.462 3896496
120.295 0.986037 388.786 5680292
120.303 0.9861 389.877 3899099
120.316 0.986212 392.03 4277824
120.334 0.98636 393.335 6765012
120.346 0.98646 393.629 4770871
120.363 0.986593 394.578 4016207
120.368 0.986634 394.602 3740479
120.382 0.986748 395.104 3898176
120.409 0.986974 395.441 3893340
120.419 0.987055 395.804 4355529
120.438 0.987214 397.524 3231719
120.445 0.987271 398.454 3740584
120.463 0.987415 398.751 6457475
120.487 0.987609 398.791 4669270
120.501 0.987723 400.032 4858012
120.528 0.98795 401.713 6765344
120.554 0.98816 402.108 4772228
120.609 0.98861 402.264 1725567
120.631 0.988793 404.203 4006159
120.665 0.989073 404.913 5679849
120.736 0.989655 405.646 3232044
120.771 0.989937 405.698 4177168
120.809 0.990247 407.828 1602676
120.828 0.990404 409.392 3957376
120.838 0.990486 410.72 3739704
120.845 0.990546 411.577 3956768
120.862 0.990688 412.387 4774847
120.882 0.990849 412.695 6404528
120.908 0.991059 413.411 7887338
120.92 0.991159 415.286 3896640
120.938 0.991311 415.476 1909766
120.952 0.991423 416.014 3899012
120.963 0.99151 416.933 1850508
120.969 0.991566 419.726 3229921
120.993 0.991756 420.443 5605172
121.009 0.991889 422.034 6140986
121.054 0.992259 424.788 3901501
121.06 0.992307 425.682 3232155
121.078 0.992454 430.358 3885379
121.125 0.992845 431.854 5347116
121.147 0.993025 433.091 4771465
121.16 0.993127 434.878 1908070
121.183 0.993321 435.726 6741421
121.271 0.994035 436.326 5574411
121.285 0.99415 436.536 7524148
121.321 0.994449 437.714 3901266
121.33 0.994519 439.327 1908538
121.357 0.99474 439.793 5193417
121.371 0.994861 443.799 68164
121.38 0.994934 449.495 3894293
121.398 0.995077 449.868 3897830
121.423 0.995282 451.624 5431826
121.462 0.995607 456.572 663933
121.487 0.995806 456.909 3990806
121.493 0.99586 458.938 3230932
121.52 0.99608 462.393 3930397
121.537 0.996218 470.423 3231800
121.551 0.996334 470.583 5574627
121.566 0.996454 472.706 5349236
121.587 0.996627 473.653 4754062
121.598 0.996718 473.66 7334398
121.616 0.996863 475.348 3898433
121.622 0.996916 475.351 7515765
121.643 0.997091 475.469 4182803
121.667 0.997284 478.063 1406568
121.681 0.997399 482.299 4183194
121.694 0.997508 488.913 7601246
121.706 0.997603 491.949 4355400
121.722 0.997737 495.35 7150627
121.779 0.998199 496.259 7461971
121.787 0.998265 498.201 3232055
121.796 0.998345 505.06 3898412
121.815 0.998497 507.931 5680321
121.846 0.998748 509.985 5680002
121.853 0.998811 511.339 2058249
121.89 0.99911 516.938 3897412
121.898 0.999176 519.057 5431604
121.9 0.999195 528.265 5680327
121.912 0.999294 563.776 1722690
121.916 0.999325 586.444 3192809
121.927 0.999411 589.091 4776666
121.937 0.999497 600.219 5764413
121.955 0.999642 617.223 5680322
121.982 0.999868 617.743 5682858
121.986 0.999901 675.345 4174368
121.995 0.999972 690.866 3896043
121.998 1 729.401 5680320
